1 1 OK 0
1 2 OK 0
1 3 OK 0
1 4 OK 0
1 5 OK 14400
1 6 OK 17280
1 7 OK 20160
1 8 OK 23040
1 9 OK 25920
1 10 OK 28800
1 11 OK 31680
1 12 OK 34560
1 13 OK 37440
1 14 OK 40320
1 15 OK 43200
1 16 OK 46080
1 17 OK 48960
1 18 OK 51840
1 19 OK 54720
1 20 OK 57600
1 21 OK 60480
1 22 OK 63360
1 23 OK 66240
1 24 OK 69120
1 25 OK 72000
1 26 OK 74880
1 27 OK 77760
1 28 OK 80640
1 29 OK 83520
1 30 OK 86400
1 31 OK 89280
1 32 OK 92160
1 33 OK 95040
1 34 OK 97920
1 35 OK 100800
1 36 OK 103680
1 37 OK 106560
1 38 OK 109440
1 39 OK 112320
1 40 OK 115200
1 41 OK 118080
1 42 OK 120960
1 43 OK 123840
1 44 OK 126720
1 45 OK 129600
1 46 OK 132480
1 47 OK 135360
1 48 OK 138240
1 49 OK 3553088
1 50 OK 3625600
1 51 OK 3698112
1 52 OK 3770624
1 53 OK 3843136
1 54 OK 3915648
1 55 OK 3988160
1 56 OK 4060672
1 57 OK 4133184
1 58 OK 4205696
1 59 OK 4278208
1 60 OK 4350720
1 61 OK 4423232
1 62 OK 4495744
1 63 OK 4568256
1 64 OK 4640768
1 96 OK 6961152
1 128 OK 9281536
1 200 OK 14502400
1 255 OK 18490560
1 256 OK 18563072
1 257 OK 18635584
1 512 OK 37126144
1 768 OK 55689216
1 1023 OK 74179776
1 1024 OK 74179776
1 1025 OK 74324800
1 1279 OK 92742848
1 1280 OK 92815360
1 1281 OK 92887872
1 1536 OK 111378432
1 2047 OK 148432064
1 2048 OK 148504576
1 2049 OK 148577088
1 3000 OK 217536000
1 4095 OK 296936640
1 4096 OK 297009152
1 4097 OK 297081664
1 6144 OK 445513728
1 8191 OK 593945792
1 8192 OK 594018304
1 8193 OK 594090816
1 12288 OK 891027456
1 16384 OK 1188036608
1 32768 OK 2376073216
1 65536 OK 4752146432
1 131072 OK 9504292864
2 2 OK 0
2 3 OK 0
2 4 OK 0
2 5 OK 14400
2 6 OK 17280
2 7 OK 20160
2 8 OK 23040
2 9 OK 25920
2 10 OK 28800
2 11 OK 31680
2 12 OK 34560
2 13 OK 37440
2 14 OK 40320
2 15 OK 43200
2 16 OK 46080
2 17 OK 48960
2 18 OK 51840
2 19 OK 54720
2 20 OK 57600
2 21 OK 60480
2 22 OK 63360
2 23 OK 66240
2 24 OK 69120
2 25 OK 72000
2 26 OK 74880
2 27 OK 77760
2 28 OK 80640
2 29 OK 83520
2 30 OK 86400
2 31 OK 89280
2 32 OK 92160
2 33 OK 95040
2 34 OK 97920
2 35 OK 100800
2 36 OK 103680
2 37 OK 106560
2 38 OK 109440
2 39 OK 112320
2 40 OK 115200
2 41 OK 118080
2 42 OK 120960
2 43 OK 123840
2 44 OK 126720
2 45 OK 129600
2 46 OK 132480
2 47 OK 135360
2 48 OK 138240
2 49 OK 3553088
2 50 OK 3625600
2 51 OK 3698112
2 52 OK 3770624
2 53 OK 3843136
2 54 OK 3915648
2 55 OK 3988160
2 56 OK 4060672
2 57 OK 4133184
2 58 OK 4205696
2 59 OK 4278208
2 60 OK 4350720
2 61 OK 4423232
2 62 OK 4495744
2 63 OK 4568256
2 64 OK 4640768
2 96 OK 6961152
2 128 OK 9281536
2 200 OK 14502400
2 255 OK 18490560
2 256 OK 18563072
2 257 OK 18635584
2 512 OK 37126144
2 768 OK 55689216
2 1023 OK 74179776
2 1024 OK 74179776
2 1025 OK 74324800
2 1279 OK 92742848
2 1280 OK 92815360
2 1281 OK 92887872
2 1536 OK 111378432
2 2047 OK 148432064
2 2048 OK 148504576
2 2049 OK 148577088
2 3000 OK 217536000
2 4095 OK 296936640
2 4096 OK 297009152
2 4097 OK 297081664
2 6144 OK 445513728
2 8191 OK 593945792
2 8192 OK 594018304
2 8193 OK 594090816
2 12288 OK 891027456
2 16384 OK 1188036608
2 32768 OK 2376073216
2 65536 OK 4752146432
2 131072 OK 9504292864
3 3 OK 0
3 4 OK 0
3 5 OK 14400
3 6 OK 17280
3 7 OK 20160
3 8 OK 23040
3 9 OK 25920
3 10 OK 28800
3 11 OK 31680
3 12 OK 34560
3 13 OK 37440
3 14 OK 40320
3 15 OK 43200
3 16 OK 46080
3 17 OK 48960
3 18 OK 51840
3 19 OK 54720
3 20 OK 57600
3 21 OK 60480
3 22 OK 63360
3 23 OK 66240
3 24 OK 69120
3 25 OK 72000
3 26 OK 74880
3 27 OK 77760
3 28 OK 80640
3 29 OK 83520
3 30 OK 86400
3 31 OK 89280
3 32 OK 92160
3 33 OK 95040
3 34 OK 97920
3 35 OK 100800
3 36 OK 103680
3 37 OK 106560
3 38 OK 109440
3 39 OK 112320
3 40 OK 115200
3 41 OK 118080
3 42 OK 120960
3 43 OK 123840
3 44 OK 126720
3 45 OK 129600
3 46 OK 132480
3 47 OK 135360
3 48 OK 138240
3 49 OK 3553088
3 50 OK 3625600
3 51 OK 3698112
3 52 OK 3770624
3 53 OK 3843136
3 54 OK 3915648
3 55 OK 3988160
3 56 OK 4060672
3 57 OK 4133184
3 58 OK 4205696
3 59 OK 4278208
3 60 OK 4350720
3 61 OK 4423232
3 62 OK 4495744
3 63 OK 4568256
3 64 OK 4640768
3 96 OK 6961152
3 128 OK 9281536
3 200 OK 14502400
3 255 OK 18490560
3 256 OK 18563072
3 257 OK 18635584
3 512 OK 37126144
3 768 OK 55689216
3 1023 OK 74179776
3 1024 OK 74179776
3 1025 OK 74324800
3 1279 OK 92742848
3 1280 OK 92815360
3 1281 OK 92887872
3 1536 OK 111378432
3 2047 OK 148432064
3 2048 OK 148504576
3 2049 OK 148577088
3 3000 OK 217536000
3 4095 OK 296936640
3 4096 OK 297009152
3 4097 OK 297081664
3 6144 OK 445513728
3 8191 OK 593945792
3 8192 OK 594018304
3 8193 OK 594090816
3 12288 OK 891027456
3 16384 OK 1188036608
3 32768 OK 2376073216
3 65536 OK 4752146432
3 131072 OK 9504292864
4 4 OK 0
4 5 OK 14400
4 6 OK 17280
4 7 OK 20160
4 8 OK 23040
4 9 OK 25920
4 10 OK 28800
4 11 OK 31680
4 12 OK 34560
4 13 OK 37440
4 14 OK 40320
4 15 OK 43200
4 16 OK 46080
4 17 OK 48960
4 18 OK 51840
4 19 OK 54720
4 20 OK 57600
4 21 OK 60480
4 22 OK 63360
4 23 OK 66240
4 24 OK 69120
4 25 OK 72000
4 26 OK 74880
4 27 OK 77760
4 28 OK 80640
4 29 OK 83520
4 30 OK 86400
4 31 OK 89280
4 32 OK 92160
4 33 OK 95040
4 34 OK 97920
4 35 OK 100800
4 36 OK 103680
4 37 OK 106560
4 38 OK 109440
4 39 OK 112320
4 40 OK 115200
4 41 OK 118080
4 42 OK 120960
4 43 OK 123840
4 44 OK 126720
4 45 OK 129600
4 46 OK 132480
4 47 OK 135360
4 48 OK 138240
4 49 OK 3553088
4 50 OK 3625600
4 51 OK 3698112
4 52 OK 3770624
4 53 OK 3843136
4 54 OK 3915648
4 55 OK 3988160
4 56 OK 4060672
4 57 OK 4133184
4 58 OK 4205696
4 59 OK 4278208
4 60 OK 4350720
4 61 OK 4423232
4 62 OK 4495744
4 63 OK 4568256
4 64 OK 4640768
4 96 OK 6961152
4 128 OK 9281536
4 200 OK 14502400
4 255 OK 18490560
4 256 OK 18563072
4 257 OK 18635584
4 512 OK 37126144
4 768 OK 55689216
4 1023 OK 74179776
4 1024 OK 74179776
4 1025 OK 74324800
4 1279 OK 92742848
4 1280 OK 92815360
4 1281 OK 92887872
4 1536 OK 111378432
4 2047 OK 148432064
4 2048 OK 148504576
4 2049 OK 148577088
4 3000 OK 217536000
4 4095 OK 296936640
4 4096 OK 297009152
4 4097 OK 297081664
4 6144 OK 445513728
4 8191 OK 593945792
4 8192 OK 594018304
4 8193 OK 594090816
4 12288 OK 891027456
4 16384 OK 1188036608
4 32768 OK 2376073216
4 65536 OK 4752146432
4 131072 OK 9504292864
5 5 OK 14400
5 6 OK 17280
5 7 OK 20160
5 8 OK 23040
5 9 OK 25920
5 10 OK 28800
5 11 OK 31680
5 12 OK 34560
5 13 OK 37440
5 14 OK 40320
5 15 OK 43200
5 16 OK 46080
5 17 OK 48960
5 18 OK 51840
5 19 OK 54720
5 20 OK 57600
5 21 OK 60480
5 22 OK 63360
5 23 OK 66240
5 24 OK 69120
5 25 OK 72000
5 26 OK 74880
5 27 OK 77760
5 28 OK 80640
5 29 OK 83520
5 30 OK 86400
5 31 OK 89280
5 32 OK 92160
5 33 OK 95040
5 34 OK 97920
5 35 OK 100800
5 36 OK 103680
5 37 OK 106560
5 38 OK 109440
5 39 OK 112320
5 40 OK 115200
5 41 OK 118080
5 42 OK 120960
5 43 OK 123840
5 44 OK 126720
5 45 OK 129600
5 46 OK 132480
5 47 OK 135360
5 48 OK 138240
5 49 OK 3553088
5 50 OK 3625600
5 51 OK 3698112
5 52 OK 3770624
5 53 OK 3843136
5 54 OK 3915648
5 55 OK 3988160
5 56 OK 4060672
5 57 OK 4133184
5 58 OK 4205696
5 59 OK 4278208
5 60 OK 4350720
5 61 OK 4423232
5 62 OK 4495744
5 63 OK 4568256
5 64 OK 4640768
5 96 OK 6961152
5 128 OK 9281536
5 200 OK 14502400
5 255 OK 18490560
5 256 OK 18563072
5 257 OK 18635584
5 512 OK 37126144
5 768 OK 55689216
5 1023 OK 74179776
5 1024 OK 74179776
5 1025 OK 74324800
5 1279 OK 92742848
5 1280 OK 92815360
5 1281 OK 92887872
5 1536 OK 111378432
5 2047 OK 148432064
5 2048 OK 148504576
5 2049 OK 148577088
5 3000 OK 217536000
5 4095 OK 296936640
5 4096 OK 297009152
5 4097 OK 297081664
5 6144 OK 445513728
5 8191 OK 593945792
5 8192 OK 594018304
5 8193 OK 594090816
5 12288 OK 891027456
5 16384 OK 1188036608
5 32768 OK 2376073216
5 65536 OK 4752146432
5 131072 OK 9504292864
6 6 OK 17280
6 7 OK 20160
6 8 OK 23040
6 9 OK 25920
6 10 OK 28800
6 11 OK 31680
6 12 OK 34560
6 13 OK 37440
6 14 OK 40320
6 15 OK 43200
6 16 OK 46080
6 17 OK 48960
6 18 OK 51840
6 19 OK 54720
6 20 OK 57600
6 21 OK 60480
6 22 OK 63360
6 23 OK 66240
6 24 OK 69120
6 25 OK 72000
6 26 OK 74880
6 27 OK 77760
6 28 OK 80640
6 29 OK 83520
6 30 OK 86400
6 31 OK 89280
6 32 OK 92160
6 33 OK 95040
6 34 OK 97920
6 35 OK 100800
6 36 OK 103680
6 37 OK 106560
6 38 OK 109440
6 39 OK 112320
6 40 OK 115200
6 41 OK 118080
6 42 OK 120960
6 43 OK 123840
6 44 OK 126720
6 45 OK 129600
6 46 OK 132480
6 47 OK 135360
6 48 OK 138240
6 49 OK 3553088
6 50 OK 3625600
6 51 OK 3698112
6 52 OK 3770624
6 53 OK 3843136
6 54 OK 3915648
6 55 OK 3988160
6 56 OK 4060672
6 57 OK 4133184
6 58 OK 4205696
6 59 OK 4278208
6 60 OK 4350720
6 61 OK 4423232
6 62 OK 4495744
6 63 OK 4568256
6 64 OK 4640768
6 96 OK 6961152
6 128 OK 9281536
6 200 OK 14502400
6 255 OK 18490560
6 256 OK 18563072
6 257 OK 18635584
6 512 OK 37126144
6 768 OK 55689216
6 1023 OK 74179776
6 1024 OK 74179776
6 1025 OK 74324800
6 1279 OK 92742848
6 1280 OK 92815360
6 1281 OK 92887872
6 1536 OK 111378432
6 2047 OK 148432064
6 2048 OK 148504576
6 2049 OK 148577088
6 3000 OK 217536000
6 4095 OK 296936640
6 4096 OK 297009152
6 4097 OK 297081664
6 6144 OK 445513728
6 8191 OK 593945792
6 8192 OK 594018304
6 8193 OK 594090816
6 12288 OK 891027456
6 16384 OK 1188036608
6 32768 OK 2376073216
6 65536 OK 4752146432
6 131072 OK 9504292864
7 7 OK 20160
7 8 OK 23040
7 9 OK 25920
7 10 OK 28800
7 11 OK 31680
7 12 OK 34560
7 13 OK 37440
7 14 OK 40320
7 15 OK 43200
7 16 OK 46080
7 17 OK 48960
7 18 OK 51840
7 19 OK 54720
7 20 OK 57600
7 21 OK 60480
7 22 OK 63360
7 23 OK 66240
7 24 OK 69120
7 25 OK 72000
7 26 OK 74880
7 27 OK 77760
7 28 OK 80640
7 29 OK 83520
7 30 OK 86400
7 31 OK 89280
7 32 OK 92160
7 33 OK 95040
7 34 OK 97920
7 35 OK 100800
7 36 OK 103680
7 37 OK 106560
7 38 OK 109440
7 39 OK 112320
7 40 OK 115200
7 41 OK 118080
7 42 OK 120960
7 43 OK 123840
7 44 OK 126720
7 45 OK 129600
7 46 OK 132480
7 47 OK 135360
7 48 OK 138240
7 49 OK 3553088
7 50 OK 3625600
7 51 OK 3698112
7 52 OK 3770624
7 53 OK 3843136
7 54 OK 3915648
7 55 OK 3988160
7 56 OK 4060672
7 57 OK 4133184
7 58 OK 4205696
7 59 OK 4278208
7 60 OK 4350720
7 61 OK 4423232
7 62 OK 4495744
7 63 OK 4568256
7 64 OK 4640768
7 96 OK 6961152
7 128 OK 9281536
7 200 OK 14502400
7 255 OK 18490560
7 256 OK 18563072
7 257 OK 18635584
7 512 OK 37126144
7 768 OK 55689216
7 1023 OK 74179776
7 1024 OK 74179776
7 1025 OK 74324800
7 1279 OK 92742848
7 1280 OK 92815360
7 1281 OK 92887872
7 1536 OK 111378432
7 2047 OK 148432064
7 2048 OK 148504576
7 2049 OK 148577088
7 3000 OK 217536000
7 4095 OK 296936640
7 4096 OK 297009152
7 4097 OK 297081664
7 6144 OK 445513728
7 8191 OK 593945792
7 8192 OK 594018304
7 8193 OK 594090816
7 12288 OK 891027456
7 16384 OK 1188036608
7 32768 OK 2376073216
7 65536 OK 4752146432
7 131072 OK 9504292864
8 8 OK 23040
8 9 OK 25920
8 10 OK 28800
8 11 OK 31680
8 12 OK 34560
8 13 OK 37440
8 14 OK 40320
8 15 OK 43200
8 16 OK 46080
8 17 OK 48960
8 18 OK 51840
8 19 OK 54720
8 20 OK 57600
8 21 OK 60480
8 22 OK 63360
8 23 OK 66240
8 24 OK 69120
8 25 OK 72000
8 26 OK 74880
8 27 OK 77760
8 28 OK 80640
8 29 OK 83520
8 30 OK 86400
8 31 OK 89280
8 32 OK 92160
8 33 OK 95040
8 34 OK 97920
8 35 OK 100800
8 36 OK 103680
8 37 OK 106560
8 38 OK 109440
8 39 OK 112320
8 40 OK 115200
8 41 OK 118080
8 42 OK 120960
8 43 OK 123840
8 44 OK 126720
8 45 OK 129600
8 46 OK 132480
8 47 OK 135360
8 48 OK 138240
8 49 OK 3553088
8 50 OK 3625600
8 51 OK 3698112
8 52 OK 3770624
8 53 OK 3843136
8 54 OK 3915648
8 55 OK 3988160
8 56 OK 4060672
8 57 OK 4133184
8 58 OK 4205696
8 59 OK 4278208
8 60 OK 4350720
8 61 OK 4423232
8 62 OK 4495744
8 63 OK 4568256
8 64 OK 4640768
8 96 OK 6961152
8 128 OK 9281536
8 200 OK 14502400
8 255 OK 18490560
8 256 OK 18563072
8 257 OK 18635584
8 512 OK 37126144
8 768 OK 55689216
8 1023 OK 74179776
8 1024 OK 74179776
8 1025 OK 74324800
8 1279 OK 92742848
8 1280 OK 92815360
8 1281 OK 92887872
8 1536 OK 111378432
8 2047 OK 148432064
8 2048 OK 148504576
8 2049 OK 148577088
8 3000 OK 217536000
8 4095 OK 296936640
8 4096 OK 297009152
8 4097 OK 297081664
8 6144 OK 445513728
8 8191 OK 593945792
8 8192 OK 594018304
8 8193 OK 594090816
8 12288 OK 891027456
8 16384 OK 1188036608
8 32768 OK 2376073216
8 65536 OK 4752146432
8 131072 OK 9504292864
9 9 OK 25920
9 10 OK 28800
9 11 OK 31680
9 12 OK 34560
9 13 OK 37440
9 14 OK 40320
9 15 OK 43200
9 16 OK 46080
9 17 OK 48960
9 18 OK 51840
9 19 OK 54720
9 20 OK 57600
9 21 OK 60480
9 22 OK 63360
9 23 OK 66240
9 24 OK 69120
9 25 OK 72000
9 26 OK 74880
9 27 OK 77760
9 28 OK 80640
9 29 OK 83520
9 30 OK 86400
9 31 OK 89280
9 32 OK 92160
9 33 OK 95040
9 34 OK 97920
9 35 OK 100800
9 36 OK 103680
9 37 OK 106560
9 38 OK 109440
9 39 OK 112320
9 40 OK 115200
9 41 OK 118080
9 42 OK 120960
9 43 OK 123840
9 44 OK 126720
9 45 OK 129600
9 46 OK 132480
9 47 OK 135360
9 48 OK 138240
9 49 OK 3553088
9 50 OK 3625600
9 51 OK 3698112
9 52 OK 3770624
9 53 OK 3843136
9 54 OK 3915648
9 55 OK 3988160
9 56 OK 4060672
9 57 OK 4133184
9 58 OK 4205696
9 59 OK 4278208
9 60 OK 4350720
9 61 OK 4423232
9 62 OK 4495744
9 63 OK 4568256
9 64 OK 4640768
9 96 OK 6961152
9 128 OK 9281536
9 200 OK 14502400
9 255 OK 18490560
9 256 OK 18563072
9 257 OK 18635584
9 512 OK 37126144
9 768 OK 55689216
9 1023 OK 74179776
9 1024 OK 74179776
9 1025 OK 74324800
9 1279 OK 92742848
9 1280 OK 92815360
9 1281 OK 92887872
9 1536 OK 111378432
9 2047 OK 148432064
9 2048 OK 148504576
9 2049 OK 148577088
9 3000 OK 217536000
9 4095 OK 296936640
9 4096 OK 297009152
9 4097 OK 297081664
9 6144 OK 445513728
9 8191 OK 593945792
9 8192 OK 594018304
9 8193 OK 594090816
9 12288 OK 891027456
9 16384 OK 1188036608
9 32768 OK 2376073216
9 65536 OK 4752146432
9 131072 OK 9504292864
10 10 OK 28800
10 11 OK 31680
10 12 OK 34560
10 13 OK 37440
10 14 OK 40320
10 15 OK 43200
10 16 OK 46080
10 17 OK 48960
10 18 OK 51840
10 19 OK 54720
10 20 OK 57600
10 21 OK 60480
10 22 OK 63360
10 23 OK 66240
10 24 OK 69120
10 25 OK 72000
10 26 OK 74880
10 27 OK 77760
10 28 OK 80640
10 29 OK 83520
10 30 OK 86400
10 31 OK 89280
10 32 OK 92160
10 33 OK 95040
10 34 OK 97920
10 35 OK 100800
10 36 OK 103680
10 37 OK 106560
10 38 OK 109440
10 39 OK 112320
10 40 OK 115200
10 41 OK 118080
10 42 OK 120960
10 43 OK 123840
10 44 OK 126720
10 45 OK 129600
10 46 OK 132480
10 47 OK 135360
10 48 OK 138240
10 49 OK 3553088
10 50 OK 3625600
10 51 OK 3698112
10 52 OK 3770624
10 53 OK 3843136
10 54 OK 3915648
10 55 OK 3988160
10 56 OK 4060672
10 57 OK 4133184
10 58 OK 4205696
10 59 OK 4278208
10 60 OK 4350720
10 61 OK 4423232
10 62 OK 4495744
10 63 OK 4568256
10 64 OK 4640768
10 96 OK 6961152
10 128 OK 9281536
10 200 OK 14502400
10 255 OK 18490560
10 256 OK 18563072
10 257 OK 18635584
10 512 OK 37126144
10 768 OK 55689216
10 1023 OK 74179776
10 1024 OK 74179776
10 1025 OK 74324800
10 1279 OK 92742848
10 1280 OK 92815360
10 1281 OK 92887872
10 1536 OK 111378432
10 2047 OK 148432064
10 2048 OK 148504576
10 2049 OK 148577088
10 3000 OK 217536000
10 4095 OK 296936640
10 4096 OK 297009152
10 4097 OK 297081664
10 6144 OK 445513728
10 8191 OK 593945792
10 8192 OK 594018304
10 8193 OK 594090816
10 12288 OK 891027456
10 16384 OK 1188036608
10 32768 OK 2376073216
10 65536 OK 4752146432
10 131072 OK 9504292864
11 11 OK 31680
11 12 OK 34560
11 13 OK 37440
11 14 OK 40320
11 15 OK 43200
11 16 OK 46080
11 17 OK 48960
11 18 OK 51840
11 19 OK 54720
11 20 OK 57600
11 21 OK 60480
11 22 OK 63360
11 23 OK 66240
11 24 OK 69120
11 25 OK 72000
11 26 OK 74880
11 27 OK 77760
11 28 OK 80640
11 29 OK 83520
11 30 OK 86400
11 31 OK 89280
11 32 OK 92160
11 33 OK 95040
11 34 OK 97920
11 35 OK 100800
11 36 OK 103680
11 37 OK 106560
11 38 OK 109440
11 39 OK 112320
11 40 OK 115200
11 41 OK 118080
11 42 OK 120960
11 43 OK 123840
11 44 OK 126720
11 45 OK 129600
11 46 OK 132480
11 47 OK 135360
11 48 OK 138240
11 49 OK 3553088
11 50 OK 3625600
11 51 OK 3698112
11 52 OK 3770624
11 53 OK 3843136
11 54 OK 3915648
11 55 OK 3988160
11 56 OK 4060672
11 57 OK 4133184
11 58 OK 4205696
11 59 OK 4278208
11 60 OK 4350720
11 61 OK 4423232
11 62 OK 4495744
11 63 OK 4568256
11 64 OK 4640768
11 96 OK 6961152
11 128 OK 9281536
11 200 OK 14502400
11 255 OK 18490560
11 256 OK 18563072
11 257 OK 18635584
11 512 OK 37126144
11 768 OK 55689216
11 1023 OK 74179776
11 1024 OK 74179776
11 1025 OK 74324800
11 1279 OK 92742848
11 1280 OK 92815360
11 1281 OK 92887872
11 1536 OK 111378432
11 2047 OK 148432064
11 2048 OK 148504576
11 2049 OK 148577088
11 3000 OK 217536000
11 4095 OK 296936640
11 4096 OK 297009152
11 4097 OK 297081664
11 6144 OK 445513728
11 8191 OK 593945792
11 8192 OK 594018304
11 8193 OK 594090816
11 12288 OK 891027456
11 16384 OK 1188036608
11 32768 OK 2376073216
11 65536 OK 4752146432
11 131072 OK 9504292864
12 12 OK 34560
12 13 OK 37440
12 14 OK 40320
12 15 OK 43200
12 16 OK 46080
12 17 OK 48960
12 18 OK 51840
12 19 OK 54720
12 20 OK 57600
12 21 OK 60480
12 22 OK 63360
12 23 OK 66240
12 24 OK 69120
12 25 OK 72000
12 26 OK 74880
12 27 OK 77760
12 28 OK 80640
12 29 OK 83520
12 30 OK 86400
12 31 OK 89280
12 32 OK 92160
12 33 OK 95040
12 34 OK 97920
12 35 OK 100800
12 36 OK 103680
12 37 OK 106560
12 38 OK 109440
12 39 OK 112320
12 40 OK 115200
12 41 OK 118080
12 42 OK 120960
12 43 OK 123840
12 44 OK 126720
12 45 OK 129600
12 46 OK 132480
12 47 OK 135360
12 48 OK 138240
12 49 OK 3553088
12 50 OK 3625600
12 51 OK 3698112
12 52 OK 3770624
12 53 OK 3843136
12 54 OK 3915648
12 55 OK 3988160
12 56 OK 4060672
12 57 OK 4133184
12 58 OK 4205696
12 59 OK 4278208
12 60 OK 4350720
12 61 OK 4423232
12 62 OK 4495744
12 63 OK 4568256
12 64 OK 4640768
12 96 OK 6961152
12 128 OK 9281536
12 200 OK 14502400
12 255 OK 18490560
12 256 OK 18563072
12 257 OK 18635584
12 512 OK 37126144
12 768 OK 55689216
12 1023 OK 74179776
12 1024 OK 74179776
12 1025 OK 74324800
12 1279 OK 92742848
12 1280 OK 92815360
12 1281 OK 92887872
12 1536 OK 111378432
12 2047 OK 148432064
12 2048 OK 148504576
12 2049 OK 148577088
12 3000 OK 217536000
12 4095 OK 296936640
12 4096 OK 297009152
12 4097 OK 297081664
12 6144 OK 445513728
12 8191 OK 593945792
12 8192 OK 594018304
12 8193 OK 594090816
12 12288 OK 891027456
12 16384 OK 1188036608
12 32768 OK 2376073216
12 65536 OK 4752146432
12 131072 OK 9504292864
13 13 OK 37440
13 14 OK 40320
13 15 OK 43200
13 16 OK 46080
13 17 OK 48960
13 18 OK 51840
13 19 OK 54720
13 20 OK 57600
13 21 OK 60480
13 22 OK 63360
13 23 OK 66240
13 24 OK 69120
13 25 OK 72000
13 26 OK 74880
13 27 OK 77760
13 28 OK 80640
13 29 OK 83520
13 30 OK 86400
13 31 OK 89280
13 32 OK 92160
13 33 OK 95040
13 34 OK 97920
13 35 OK 100800
13 36 OK 103680
13 37 OK 106560
13 38 OK 109440
13 39 OK 112320
13 40 OK 115200
13 41 OK 118080
13 42 OK 120960
13 43 OK 123840
13 44 OK 126720
13 45 OK 129600
13 46 OK 132480
13 47 OK 135360
13 48 OK 138240
13 49 OK 3553088
13 50 OK 3625600
13 51 OK 3698112
13 52 OK 3770624
13 53 OK 3843136
13 54 OK 3915648
13 55 OK 3988160
13 56 OK 4060672
13 57 OK 4133184
13 58 OK 4205696
13 59 OK 4278208
13 60 OK 4350720
13 61 OK 4423232
13 62 OK 4495744
13 63 OK 4568256
13 64 OK 4640768
13 96 OK 6961152
13 128 OK 9281536
13 200 OK 14502400
13 255 OK 18490560
13 256 OK 18563072
13 257 OK 18635584
13 512 OK 37126144
13 768 OK 55689216
13 1023 OK 74179776
13 1024 OK 74179776
13 1025 OK 74324800
13 1279 OK 92742848
13 1280 OK 92815360
13 1281 OK 92887872
13 1536 OK 111378432
13 2047 OK 148432064
13 2048 OK 148504576
13 2049 OK 148577088
13 3000 OK 217536000
13 4095 OK 296936640
13 4096 OK 297009152
13 4097 OK 297081664
13 6144 OK 445513728
13 8191 OK 593945792
13 8192 OK 594018304
13 8193 OK 594090816
13 12288 OK 891027456
13 16384 OK 1188036608
13 32768 OK 2376073216
13 65536 OK 4752146432
13 131072 OK 9504292864
14 14 OK 40320
14 15 OK 43200
14 16 OK 46080
14 17 OK 48960
14 18 OK 51840
14 19 OK 54720
14 20 OK 57600
14 21 OK 60480
14 22 OK 63360
14 23 OK 66240
14 24 OK 69120
14 25 OK 72000
14 26 OK 74880
14 27 OK 77760
14 28 OK 80640
14 29 OK 83520
14 30 OK 86400
14 31 OK 89280
14 32 OK 92160
14 33 OK 95040
14 34 OK 97920
14 35 OK 100800
14 36 OK 103680
14 37 OK 106560
14 38 OK 109440
14 39 OK 112320
14 40 OK 115200
14 41 OK 118080
14 42 OK 120960
14 43 OK 123840
14 44 OK 126720
14 45 OK 129600
14 46 OK 132480
14 47 OK 135360
14 48 OK 138240
14 49 OK 3553088
14 50 OK 3625600
14 51 OK 3698112
14 52 OK 3770624
14 53 OK 3843136
14 54 OK 3915648
14 55 OK 3988160
14 56 OK 4060672
14 57 OK 4133184
14 58 OK 4205696
14 59 OK 4278208
14 60 OK 4350720
14 61 OK 4423232
14 62 OK 4495744
14 63 OK 4568256
14 64 OK 4640768
14 96 OK 6961152
14 128 OK 9281536
14 200 OK 14502400
14 255 OK 18490560
14 256 OK 18563072
14 257 OK 18635584
14 512 OK 37126144
14 768 OK 55689216
14 1023 OK 74179776
14 1024 OK 74179776
14 1025 OK 74324800
14 1279 OK 92742848
14 1280 OK 92815360
14 1281 OK 92887872
14 1536 OK 111378432
14 2047 OK 148432064
14 2048 OK 148504576
14 2049 OK 148577088
14 3000 OK 217536000
14 4095 OK 296936640
14 4096 OK 297009152
14 4097 OK 297081664
14 6144 OK 445513728
14 8191 OK 593945792
14 8192 OK 594018304
14 8193 OK 594090816
14 12288 OK 891027456
14 16384 OK 1188036608
14 32768 OK 2376073216
14 65536 OK 4752146432
14 131072 OK 9504292864
15 15 OK 43200
15 16 OK 46080
15 17 OK 48960
15 18 OK 51840
15 19 OK 54720
15 20 OK 57600
15 21 OK 60480
15 22 OK 63360
15 23 OK 66240
15 24 OK 69120
15 25 OK 72000
15 26 OK 74880
15 27 OK 77760
15 28 OK 80640
15 29 OK 83520
15 30 OK 86400
15 31 OK 89280
15 32 OK 92160
15 33 OK 95040
15 34 OK 97920
15 35 OK 100800
15 36 OK 103680
15 37 OK 106560
15 38 OK 109440
15 39 OK 112320
15 40 OK 115200
15 41 OK 118080
15 42 OK 120960
15 43 OK 123840
15 44 OK 126720
15 45 OK 129600
15 46 OK 132480
15 47 OK 135360
15 48 OK 138240
15 49 OK 3553088
15 50 OK 3625600
15 51 OK 3698112
15 52 OK 3770624
15 53 OK 3843136
15 54 OK 3915648
15 55 OK 3988160
15 56 OK 4060672
15 57 OK 4133184
15 58 OK 4205696
15 59 OK 4278208
15 60 OK 4350720
15 61 OK 4423232
15 62 OK 4495744
15 63 OK 4568256
15 64 OK 4640768
15 96 OK 6961152
15 128 OK 9281536
15 200 OK 14502400
15 255 OK 18490560
15 256 OK 18563072
15 257 OK 18635584
15 512 OK 37126144
15 768 OK 55689216
15 1023 OK 74179776
15 1024 OK 74179776
15 1025 OK 74324800
15 1279 OK 92742848
15 1280 OK 92815360
15 1281 OK 92887872
15 1536 OK 111378432
15 2047 OK 148432064
15 2048 OK 148504576
15 2049 OK 148577088
15 3000 OK 217536000
15 4095 OK 296936640
15 4096 OK 297009152
15 4097 OK 297081664
15 6144 OK 445513728
15 8191 OK 593945792
15 8192 OK 594018304
15 8193 OK 594090816
15 12288 OK 891027456
15 16384 OK 1188036608
15 32768 OK 2376073216
15 65536 OK 4752146432
15 131072 OK 9504292864
16 16 OK 46080
16 17 OK 48960
16 18 OK 51840
16 19 OK 54720
16 20 OK 57600
16 21 OK 60480
16 22 OK 63360
16 23 OK 66240
16 24 OK 69120
16 25 OK 72000
16 26 OK 74880
16 27 OK 77760
16 28 OK 80640
16 29 OK 83520
16 30 OK 86400
16 31 OK 89280
16 32 OK 92160
16 33 OK 95040
16 34 OK 97920
16 35 OK 100800
16 36 OK 103680
16 37 OK 106560
16 38 OK 109440
16 39 OK 112320
16 40 OK 115200
16 41 OK 118080
16 42 OK 120960
16 43 OK 123840
16 44 OK 126720
16 45 OK 129600
16 46 OK 132480
16 47 OK 135360
16 48 OK 138240
16 49 OK 3553088
16 50 OK 3625600
16 51 OK 3698112
16 52 OK 3770624
16 53 OK 3843136
16 54 OK 3915648
16 55 OK 3988160
16 56 OK 4060672
16 57 OK 4133184
16 58 OK 4205696
16 59 OK 4278208
16 60 OK 4350720
16 61 OK 4423232
16 62 OK 4495744
16 63 OK 4568256
16 64 OK 4640768
16 96 OK 6961152
16 128 OK 9281536
16 200 OK 14502400
16 255 OK 18490560
16 256 OK 18563072
16 257 OK 18635584
16 512 OK 37126144
16 768 OK 55689216
16 1023 OK 74179776
16 1024 OK 74179776
16 1025 OK 74324800
16 1279 OK 92742848
16 1280 OK 92815360
16 1281 OK 92887872
16 1536 OK 111378432
16 2047 OK 148432064
16 2048 OK 148504576
16 2049 OK 148577088
16 3000 OK 217536000
16 4095 OK 296936640
16 4096 OK 297009152
16 4097 OK 297081664
16 6144 OK 445513728
16 8191 OK 593945792
16 8192 OK 594018304
16 8193 OK 594090816
16 12288 OK 891027456
16 16384 OK 1188036608
16 32768 OK 2376073216
16 65536 OK 4752146432
16 131072 OK 9504292864
17 17 OK 48960
17 18 OK 51840
17 19 OK 54720
17 20 OK 57600
17 21 OK 60480
17 22 OK 63360
17 23 OK 66240
17 24 OK 69120
17 25 OK 72000
17 26 OK 74880
17 27 OK 77760
17 28 OK 80640
17 29 OK 83520
17 30 OK 86400
17 31 OK 89280
17 32 OK 92160
17 33 OK 95040
17 34 OK 97920
17 35 OK 100800
17 36 OK 103680
17 37 OK 106560
17 38 OK 109440
17 39 OK 112320
17 40 OK 115200
17 41 OK 118080
17 42 OK 120960
17 43 OK 123840
17 44 OK 126720
17 45 OK 129600
17 46 OK 132480
17 47 OK 135360
17 48 OK 138240
17 49 OK 3553088
17 50 OK 3625600
17 51 OK 3698112
17 52 OK 3770624
17 53 OK 3843136
17 54 OK 3915648
17 55 OK 3988160
17 56 OK 4060672
17 57 OK 4133184
17 58 OK 4205696
17 59 OK 4278208
17 60 OK 4350720
17 61 OK 4423232
17 62 OK 4495744
17 63 OK 4568256
17 64 OK 4640768
17 96 OK 6961152
17 128 OK 9281536
17 200 OK 14502400
17 255 OK 18490560
17 256 OK 18563072
17 257 OK 18635584
17 512 OK 37126144
17 768 OK 55689216
17 1023 OK 74179776
17 1024 OK 74179776
17 1025 OK 74324800
17 1279 OK 92742848
17 1280 OK 92815360
17 1281 OK 92887872
17 1536 OK 111378432
17 2047 OK 148432064
17 2048 OK 148504576
17 2049 OK 148577088
17 3000 OK 217536000
17 4095 OK 296936640
17 4096 OK 297009152
17 4097 OK 297081664
17 6144 OK 445513728
17 8191 OK 593945792
17 8192 OK 594018304
17 8193 OK 594090816
17 12288 OK 891027456
17 16384 OK 1188036608
17 32768 OK 2376073216
17 65536 OK 4752146432
17 131072 OK 9504292864
18 18 OK 51840
18 19 OK 54720
18 20 OK 57600
18 21 OK 60480
18 22 OK 63360
18 23 OK 66240
18 24 OK 69120
18 25 OK 72000
18 26 OK 74880
18 27 OK 77760
18 28 OK 80640
18 29 OK 83520
18 30 OK 86400
18 31 OK 89280
18 32 OK 92160
18 33 OK 95040
18 34 OK 97920
18 35 OK 100800
18 36 OK 103680
18 37 OK 106560
18 38 OK 109440
18 39 OK 112320
18 40 OK 115200
18 41 OK 118080
18 42 OK 120960
18 43 OK 123840
18 44 OK 126720
18 45 OK 129600
18 46 OK 132480
18 47 OK 135360
18 48 OK 138240
18 49 OK 3553088
18 50 OK 3625600
18 51 OK 3698112
18 52 OK 3770624
18 53 OK 3843136
18 54 OK 3915648
18 55 OK 3988160
18 56 OK 4060672
18 57 OK 4133184
18 58 OK 4205696
18 59 OK 4278208
18 60 OK 4350720
18 61 OK 4423232
18 62 OK 4495744
18 63 OK 4568256
18 64 OK 4640768
18 96 OK 6961152
18 128 OK 9281536
18 200 OK 14502400
18 255 OK 18490560
18 256 OK 18563072
18 257 OK 18635584
18 512 OK 37126144
18 768 OK 55689216
18 1023 OK 74179776
18 1024 OK 74179776
18 1025 OK 74324800
18 1279 OK 92742848
18 1280 OK 92815360
18 1281 OK 92887872
18 1536 OK 111378432
18 2047 OK 148432064
18 2048 OK 148504576
18 2049 OK 148577088
18 3000 OK 217536000
18 4095 OK 296936640
18 4096 OK 297009152
18 4097 OK 297081664
18 6144 OK 445513728
18 8191 OK 593945792
18 8192 OK 594018304
18 8193 OK 594090816
18 12288 OK 891027456
18 16384 OK 1188036608
18 32768 OK 2376073216
18 65536 OK 4752146432
18 131072 OK 9504292864
19 19 OK 54720
19 20 OK 57600
19 21 OK 60480
19 22 OK 63360
19 23 OK 66240
19 24 OK 69120
19 25 OK 72000
19 26 OK 74880
19 27 OK 77760
19 28 OK 80640
19 29 OK 83520
19 30 OK 86400
19 31 OK 89280
19 32 OK 92160
19 33 OK 95040
19 34 OK 97920
19 35 OK 100800
19 36 OK 103680
19 37 OK 106560
19 38 OK 109440
19 39 OK 112320
19 40 OK 115200
19 41 OK 118080
19 42 OK 120960
19 43 OK 123840
19 44 OK 126720
19 45 OK 129600
19 46 OK 132480
19 47 OK 135360
19 48 OK 138240
19 49 OK 3553088
19 50 OK 3625600
19 51 OK 3698112
19 52 OK 3770624
19 53 OK 3843136
19 54 OK 3915648
19 55 OK 3988160
19 56 OK 4060672
19 57 OK 4133184
19 58 OK 4205696
19 59 OK 4278208
19 60 OK 4350720
19 61 OK 4423232
19 62 OK 4495744
19 63 OK 4568256
19 64 OK 4640768
19 96 OK 6961152
19 128 OK 9281536
19 200 OK 14502400
19 255 OK 18490560
19 256 OK 18563072
19 257 OK 18635584
19 512 OK 37126144
19 768 OK 55689216
19 1023 OK 74179776
19 1024 OK 74179776
19 1025 OK 74324800
19 1279 OK 92742848
19 1280 OK 92815360
19 1281 OK 92887872
19 1536 OK 111378432
19 2047 OK 148432064
19 2048 OK 148504576
19 2049 OK 148577088
19 3000 OK 217536000
19 4095 OK 296936640
19 4096 OK 297009152
19 4097 OK 297081664
19 6144 OK 445513728
19 8191 OK 593945792
19 8192 OK 594018304
19 8193 OK 594090816
19 12288 OK 891027456
19 16384 OK 1188036608
19 32768 OK 2376073216
19 65536 OK 4752146432
19 131072 OK 9504292864
20 20 OK 57600
20 21 OK 60480
20 22 OK 63360
20 23 OK 66240
20 24 OK 69120
20 25 OK 72000
20 26 OK 74880
20 27 OK 77760
20 28 OK 80640
20 29 OK 83520
20 30 OK 86400
20 31 OK 89280
20 32 OK 92160
20 33 OK 95040
20 34 OK 97920
20 35 OK 100800
20 36 OK 103680
20 37 OK 106560
20 38 OK 109440
20 39 OK 112320
20 40 OK 115200
20 41 OK 118080
20 42 OK 120960
20 43 OK 123840
20 44 OK 126720
20 45 OK 129600
20 46 OK 132480
20 47 OK 135360
20 48 OK 138240
20 49 OK 3553088
20 50 OK 3625600
20 51 OK 3698112
20 52 OK 3770624
20 53 OK 3843136
20 54 OK 3915648
20 55 OK 3988160
20 56 OK 4060672
20 57 OK 4133184
20 58 OK 4205696
20 59 OK 4278208
20 60 OK 4350720
20 61 OK 4423232
20 62 OK 4495744
20 63 OK 4568256
20 64 OK 4640768
20 96 OK 6961152
20 128 OK 9281536
20 200 OK 14502400
20 255 OK 18490560
20 256 OK 18563072
20 257 OK 18635584
20 512 OK 37126144
20 768 OK 55689216
20 1023 OK 74179776
20 1024 OK 74179776
20 1025 OK 74324800
20 1279 OK 92742848
20 1280 OK 92815360
20 1281 OK 92887872
20 1536 OK 111378432
20 2047 OK 148432064
20 2048 OK 148504576
20 2049 OK 148577088
20 3000 OK 217536000
20 4095 OK 296936640
20 4096 OK 297009152
20 4097 OK 297081664
20 6144 OK 445513728
20 8191 OK 593945792
20 8192 OK 594018304
20 8193 OK 594090816
20 12288 OK 891027456
20 16384 OK 1188036608
20 32768 OK 2376073216
20 65536 OK 4752146432
20 131072 OK 9504292864
21 21 OK 60480
21 22 OK 63360
21 23 OK 66240
21 24 OK 69120
21 25 OK 72000
21 26 OK 74880
21 27 OK 77760
21 28 OK 80640
21 29 OK 83520
21 30 OK 86400
21 31 OK 89280
21 32 OK 92160
21 33 OK 95040
21 34 OK 97920
21 35 OK 100800
21 36 OK 103680
21 37 OK 106560
21 38 OK 109440
21 39 OK 112320
21 40 OK 115200
21 41 OK 118080
21 42 OK 120960
21 43 OK 123840
21 44 OK 126720
21 45 OK 129600
21 46 OK 132480
21 47 OK 135360
21 48 OK 138240
21 49 OK 3553088
21 50 OK 3625600
21 51 OK 3698112
21 52 OK 3770624
21 53 OK 3843136
21 54 OK 3915648
21 55 OK 3988160
21 56 OK 4060672
21 57 OK 4133184
21 58 OK 4205696
21 59 OK 4278208
21 60 OK 4350720
21 61 OK 4423232
21 62 OK 4495744
21 63 OK 4568256
21 64 OK 4640768
21 96 OK 6961152
21 128 OK 9281536
21 200 OK 14502400
21 255 OK 18490560
21 256 OK 18563072
21 257 OK 18635584
21 512 OK 37126144
21 768 OK 55689216
21 1023 OK 74179776
21 1024 OK 74179776
21 1025 OK 74324800
21 1279 OK 92742848
21 1280 OK 92815360
21 1281 OK 92887872
21 1536 OK 111378432
21 2047 OK 148432064
21 2048 OK 148504576
21 2049 OK 148577088
21 3000 OK 217536000
21 4095 OK 296936640
21 4096 OK 297009152
21 4097 OK 297081664
21 6144 OK 445513728
21 8191 OK 593945792
21 8192 OK 594018304
21 8193 OK 594090816
21 12288 OK 891027456
21 16384 OK 1188036608
21 32768 OK 2376073216
21 65536 OK 4752146432
21 131072 OK 9504292864
22 22 OK 63360
22 23 OK 66240
22 24 OK 69120
22 25 OK 72000
22 26 OK 74880
22 27 OK 77760
22 28 OK 80640
22 29 OK 83520
22 30 OK 86400
22 31 OK 89280
22 32 OK 92160
22 33 OK 95040
22 34 OK 97920
22 35 OK 100800
22 36 OK 103680
22 37 OK 106560
22 38 OK 109440
22 39 OK 112320
22 40 OK 115200
22 41 OK 118080
22 42 OK 120960
22 43 OK 123840
22 44 OK 126720
22 45 OK 129600
22 46 OK 132480
22 47 OK 135360
22 48 OK 138240
22 49 OK 3553088
22 50 OK 3625600
22 51 OK 3698112
22 52 OK 3770624
22 53 OK 3843136
22 54 OK 3915648
22 55 OK 3988160
22 56 OK 4060672
22 57 OK 4133184
22 58 OK 4205696
22 59 OK 4278208
22 60 OK 4350720
22 61 OK 4423232
22 62 OK 4495744
22 63 OK 4568256
22 64 OK 4640768
22 96 OK 6961152
22 128 OK 9281536
22 200 OK 14502400
22 255 OK 18490560
22 256 OK 18563072
22 257 OK 18635584
22 512 OK 37126144
22 768 OK 55689216
22 1023 OK 74179776
22 1024 OK 74179776
22 1025 OK 74324800
22 1279 OK 92742848
22 1280 OK 92815360
22 1281 OK 92887872
22 1536 OK 111378432
22 2047 OK 148432064
22 2048 OK 148504576
22 2049 OK 148577088
22 3000 OK 217536000
22 4095 OK 296936640
22 4096 OK 297009152
22 4097 OK 297081664
22 6144 OK 445513728
22 8191 OK 593945792
22 8192 OK 594018304
22 8193 OK 594090816
22 12288 OK 891027456
22 16384 OK 1188036608
22 32768 OK 2376073216
22 65536 OK 4752146432
22 131072 OK 9504292864
23 23 OK 66240
23 24 OK 69120
23 25 OK 72000
23 26 OK 74880
23 27 OK 77760
23 28 OK 80640
23 29 OK 83520
23 30 OK 86400
23 31 OK 89280
23 32 OK 92160
23 33 OK 95040
23 34 OK 97920
23 35 OK 100800
23 36 OK 103680
23 37 OK 106560
23 38 OK 109440
23 39 OK 112320
23 40 OK 115200
23 41 OK 118080
23 42 OK 120960
23 43 OK 123840
23 44 OK 126720
23 45 OK 129600
23 46 OK 132480
23 47 OK 135360
23 48 OK 138240
23 49 OK 3553088
23 50 OK 3625600
23 51 OK 3698112
23 52 OK 3770624
23 53 OK 3843136
23 54 OK 3915648
23 55 OK 3988160
23 56 OK 4060672
23 57 OK 4133184
23 58 OK 4205696
23 59 OK 4278208
23 60 OK 4350720
23 61 OK 4423232
23 62 OK 4495744
23 63 OK 4568256
23 64 OK 4640768
23 96 OK 6961152
23 128 OK 9281536
23 200 OK 14502400
23 255 OK 18490560
23 256 OK 18563072
23 257 OK 18635584
23 512 OK 37126144
23 768 OK 55689216
23 1023 OK 74179776
23 1024 OK 74179776
23 1025 OK 74324800
23 1279 OK 92742848
23 1280 OK 92815360
23 1281 OK 92887872
23 1536 OK 111378432
23 2047 OK 148432064
23 2048 OK 148504576
23 2049 OK 148577088
23 3000 OK 217536000
23 4095 OK 296936640
23 4096 OK 297009152
23 4097 OK 297081664
23 6144 OK 445513728
23 8191 OK 593945792
23 8192 OK 594018304
23 8193 OK 594090816
23 12288 OK 891027456
23 16384 OK 1188036608
23 32768 OK 2376073216
23 65536 OK 4752146432
23 131072 OK 9504292864
24 24 OK 69120
24 25 OK 72000
24 26 OK 74880
24 27 OK 77760
24 28 OK 80640
24 29 OK 83520
24 30 OK 86400
24 31 OK 89280
24 32 OK 92160
24 33 OK 95040
24 34 OK 97920
24 35 OK 100800
24 36 OK 103680
24 37 OK 106560
24 38 OK 109440
24 39 OK 112320
24 40 OK 115200
24 41 OK 118080
24 42 OK 120960
24 43 OK 123840
24 44 OK 126720
24 45 OK 129600
24 46 OK 132480
24 47 OK 135360
24 48 OK 138240
24 49 OK 3553088
24 50 OK 3625600
24 51 OK 3698112
24 52 OK 3770624
24 53 OK 3843136
24 54 OK 3915648
24 55 OK 3988160
24 56 OK 4060672
24 57 OK 4133184
24 58 OK 4205696
24 59 OK 4278208
24 60 OK 4350720
24 61 OK 4423232
24 62 OK 4495744
24 63 OK 4568256
24 64 OK 4640768
24 96 OK 6961152
24 128 OK 9281536
24 200 OK 14502400
24 255 OK 18490560
24 256 OK 18563072
24 257 OK 18635584
24 512 OK 37126144
24 768 OK 55689216
24 1023 OK 74179776
24 1024 OK 74179776
24 1025 OK 74324800
24 1279 OK 92742848
24 1280 OK 92815360
24 1281 OK 92887872
24 1536 OK 111378432
24 2047 OK 148432064
24 2048 OK 148504576
24 2049 OK 148577088
24 3000 OK 217536000
24 4095 OK 296936640
24 4096 OK 297009152
24 4097 OK 297081664
24 6144 OK 445513728
24 8191 OK 593945792
24 8192 OK 594018304
24 8193 OK 594090816
24 12288 OK 891027456
24 16384 OK 1188036608
24 32768 OK 2376073216
24 65536 OK 4752146432
24 131072 OK 9504292864
25 25 OK 72000
25 26 OK 74880
25 27 OK 77760
25 28 OK 80640
25 29 OK 83520
25 30 OK 86400
25 31 OK 89280
25 32 OK 92160
25 33 OK 95040
25 34 OK 97920
25 35 OK 100800
25 36 OK 103680
25 37 OK 106560
25 38 OK 109440
25 39 OK 112320
25 40 OK 115200
25 41 OK 118080
25 42 OK 120960
25 43 OK 123840
25 44 OK 126720
25 45 OK 129600
25 46 OK 132480
25 47 OK 135360
25 48 OK 138240
25 49 OK 3553088
25 50 OK 3625600
25 51 OK 3698112
25 52 OK 3770624
25 53 OK 3843136
25 54 OK 3915648
25 55 OK 3988160
25 56 OK 4060672
25 57 OK 4133184
25 58 OK 4205696
25 59 OK 4278208
25 60 OK 4350720
25 61 OK 4423232
25 62 OK 4495744
25 63 OK 4568256
25 64 OK 4640768
25 96 OK 6961152
25 128 OK 9281536
25 200 OK 14502400
25 255 OK 18490560
25 256 OK 18563072
25 257 OK 18635584
25 512 OK 37126144
25 768 OK 55689216
25 1023 OK 74179776
25 1024 OK 74179776
25 1025 OK 74324800
25 1279 OK 92742848
25 1280 OK 92815360
25 1281 OK 92887872
25 1536 OK 111378432
25 2047 OK 148432064
25 2048 OK 148504576
25 2049 OK 148577088
25 3000 OK 217536000
25 4095 OK 296936640
25 4096 OK 297009152
25 4097 OK 297081664
25 6144 OK 445513728
25 8191 OK 593945792
25 8192 OK 594018304
25 8193 OK 594090816
25 12288 OK 891027456
25 16384 OK 1188036608
25 32768 OK 2376073216
25 65536 OK 4752146432
25 131072 OK 9504292864
26 26 OK 74880
26 27 OK 77760
26 28 OK 80640
26 29 OK 83520
26 30 OK 86400
26 31 OK 89280
26 32 OK 92160
26 33 OK 95040
26 34 OK 97920
26 35 OK 100800
26 36 OK 103680
26 37 OK 106560
26 38 OK 109440
26 39 OK 112320
26 40 OK 115200
26 41 OK 118080
26 42 OK 120960
26 43 OK 123840
26 44 OK 126720
26 45 OK 129600
26 46 OK 132480
26 47 OK 135360
26 48 OK 138240
26 49 OK 3553088
26 50 OK 3625600
26 51 OK 3698112
26 52 OK 3770624
26 53 OK 3843136
26 54 OK 3915648
26 55 OK 3988160
26 56 OK 4060672
26 57 OK 4133184
26 58 OK 4205696
26 59 OK 4278208
26 60 OK 4350720
26 61 OK 4423232
26 62 OK 4495744
26 63 OK 4568256
26 64 OK 4640768
26 96 OK 6961152
26 128 OK 9281536
26 200 OK 14502400
26 255 OK 18490560
26 256 OK 18563072
26 257 OK 18635584
26 512 OK 37126144
26 768 OK 55689216
26 1023 OK 74179776
26 1024 OK 74179776
26 1025 OK 74324800
26 1279 OK 92742848
26 1280 OK 92815360
26 1281 OK 92887872
26 1536 OK 111378432
26 2047 OK 148432064
26 2048 OK 148504576
26 2049 OK 148577088
26 3000 OK 217536000
26 4095 OK 296936640
26 4096 OK 297009152
26 4097 OK 297081664
26 6144 OK 445513728
26 8191 OK 593945792
26 8192 OK 594018304
26 8193 OK 594090816
26 12288 OK 891027456
26 16384 OK 1188036608
26 32768 OK 2376073216
26 65536 OK 4752146432
26 131072 OK 9504292864
27 27 OK 77760
27 28 OK 80640
27 29 OK 83520
27 30 OK 86400
27 31 OK 89280
27 32 OK 92160
27 33 OK 95040
27 34 OK 97920
27 35 OK 100800
27 36 OK 103680
27 37 OK 106560
27 38 OK 109440
27 39 OK 112320
27 40 OK 115200
27 41 OK 118080
27 42 OK 120960
27 43 OK 123840
27 44 OK 126720
27 45 OK 129600
27 46 OK 132480
27 47 OK 135360
27 48 OK 138240
27 49 OK 3553088
27 50 OK 3625600
27 51 OK 3698112
27 52 OK 3770624
27 53 OK 3843136
27 54 OK 3915648
27 55 OK 3988160
27 56 OK 4060672
27 57 OK 4133184
27 58 OK 4205696
27 59 OK 4278208
27 60 OK 4350720
27 61 OK 4423232
27 62 OK 4495744
27 63 OK 4568256
27 64 OK 4640768
27 96 OK 6961152
27 128 OK 9281536
27 200 OK 14502400
27 255 OK 18490560
27 256 OK 18563072
27 257 OK 18635584
27 512 OK 37126144
27 768 OK 55689216
27 1023 OK 74179776
27 1024 OK 74179776
27 1025 OK 74324800
27 1279 OK 92742848
27 1280 OK 92815360
27 1281 OK 92887872
27 1536 OK 111378432
27 2047 OK 148432064
27 2048 OK 148504576
27 2049 OK 148577088
27 3000 OK 217536000
27 4095 OK 296936640
27 4096 OK 297009152
27 4097 OK 297081664
27 6144 OK 445513728
27 8191 OK 593945792
27 8192 OK 594018304
27 8193 OK 594090816
27 12288 OK 891027456
27 16384 OK 1188036608
27 32768 OK 2376073216
27 65536 OK 4752146432
27 131072 OK 9504292864
28 28 OK 80640
28 29 OK 83520
28 30 OK 86400
28 31 OK 89280
28 32 OK 92160
28 33 OK 95040
28 34 OK 97920
28 35 OK 100800
28 36 OK 103680
28 37 OK 106560
28 38 OK 109440
28 39 OK 112320
28 40 OK 115200
28 41 OK 118080
28 42 OK 120960
28 43 OK 123840
28 44 OK 126720
28 45 OK 129600
28 46 OK 132480
28 47 OK 135360
28 48 OK 138240
28 49 OK 3553088
28 50 OK 3625600
28 51 OK 3698112
28 52 OK 3770624
28 53 OK 3843136
28 54 OK 3915648
28 55 OK 3988160
28 56 OK 4060672
28 57 OK 4133184
28 58 OK 4205696
28 59 OK 4278208
28 60 OK 4350720
28 61 OK 4423232
28 62 OK 4495744
28 63 OK 4568256
28 64 OK 4640768
28 96 OK 6961152
28 128 OK 9281536
28 200 OK 14502400
28 255 OK 18490560
28 256 OK 18563072
28 257 OK 18635584
28 512 OK 37126144
28 768 OK 55689216
28 1023 OK 74179776
28 1024 OK 74179776
28 1025 OK 74324800
28 1279 OK 92742848
28 1280 OK 92815360
28 1281 OK 92887872
28 1536 OK 111378432
28 2047 OK 148432064
28 2048 OK 148504576
28 2049 OK 148577088
28 3000 OK 217536000
28 4095 OK 296936640
28 4096 OK 297009152
28 4097 OK 297081664
28 6144 OK 445513728
28 8191 OK 593945792
28 8192 OK 594018304
28 8193 OK 594090816
28 12288 OK 891027456
28 16384 OK 1188036608
28 32768 OK 2376073216
28 65536 OK 4752146432
28 131072 OK 9504292864
29 29 OK 83520
29 30 OK 86400
29 31 OK 89280
29 32 OK 92160
29 33 OK 95040
29 34 OK 97920
29 35 OK 100800
29 36 OK 103680
29 37 OK 106560
29 38 OK 109440
29 39 OK 112320
29 40 OK 115200
29 41 OK 118080
29 42 OK 120960
29 43 OK 123840
29 44 OK 126720
29 45 OK 129600
29 46 OK 132480
29 47 OK 135360
29 48 OK 138240
29 49 OK 3553088
29 50 OK 3625600
29 51 OK 3698112
29 52 OK 3770624
29 53 OK 3843136
29 54 OK 3915648
29 55 OK 3988160
29 56 OK 4060672
29 57 OK 4133184
29 58 OK 4205696
29 59 OK 4278208
29 60 OK 4350720
29 61 OK 4423232
29 62 OK 4495744
29 63 OK 4568256
29 64 OK 4640768
29 96 OK 6961152
29 128 OK 9281536
29 200 OK 14502400
29 255 OK 18490560
29 256 OK 18563072
29 257 OK 18635584
29 512 OK 37126144
29 768 OK 55689216
29 1023 OK 74179776
29 1024 OK 74179776
29 1025 OK 74324800
29 1279 OK 92742848
29 1280 OK 92815360
29 1281 OK 92887872
29 1536 OK 111378432
29 2047 OK 148432064
29 2048 OK 148504576
29 2049 OK 148577088
29 3000 OK 217536000
29 4095 OK 296936640
29 4096 OK 297009152
29 4097 OK 297081664
29 6144 OK 445513728
29 8191 OK 593945792
29 8192 OK 594018304
29 8193 OK 594090816
29 12288 OK 891027456
29 16384 OK 1188036608
29 32768 OK 2376073216
29 65536 OK 4752146432
29 131072 OK 9504292864
30 30 OK 86400
30 31 OK 89280
30 32 OK 92160
30 33 OK 95040
30 34 OK 97920
30 35 OK 100800
30 36 OK 103680
30 37 OK 106560
30 38 OK 109440
30 39 OK 112320
30 40 OK 115200
30 41 OK 118080
30 42 OK 120960
30 43 OK 123840
30 44 OK 126720
30 45 OK 129600
30 46 OK 132480
30 47 OK 135360
30 48 OK 138240
30 49 OK 3553088
30 50 OK 3625600
30 51 OK 3698112
30 52 OK 3770624
30 53 OK 3843136
30 54 OK 3915648
30 55 OK 3988160
30 56 OK 4060672
30 57 OK 4133184
30 58 OK 4205696
30 59 OK 4278208
30 60 OK 4350720
30 61 OK 4423232
30 62 OK 4495744
30 63 OK 4568256
30 64 OK 4640768
30 96 OK 6961152
30 128 OK 9281536
30 200 OK 14502400
30 255 OK 18490560
30 256 OK 18563072
30 257 OK 18635584
30 512 OK 37126144
30 768 OK 55689216
30 1023 OK 74179776
30 1024 OK 74179776
30 1025 OK 74324800
30 1279 OK 92742848
30 1280 OK 92815360
30 1281 OK 92887872
30 1536 OK 111378432
30 2047 OK 148432064
30 2048 OK 148504576
30 2049 OK 148577088
30 3000 OK 217536000
30 4095 OK 296936640
30 4096 OK 297009152
30 4097 OK 297081664
30 6144 OK 445513728
30 8191 OK 593945792
30 8192 OK 594018304
30 8193 OK 594090816
30 12288 OK 891027456
30 16384 OK 1188036608
30 32768 OK 2376073216
30 65536 OK 4752146432
30 131072 OK 9504292864
31 31 OK 89280
31 32 OK 92160
31 33 OK 95040
31 34 OK 97920
31 35 OK 100800
31 36 OK 103680
31 37 OK 106560
31 38 OK 109440
31 39 OK 112320
31 40 OK 115200
31 41 OK 118080
31 42 OK 120960
31 43 OK 123840
31 44 OK 126720
31 45 OK 129600
31 46 OK 132480
31 47 OK 135360
31 48 OK 138240
31 49 OK 3553088
31 50 OK 3625600
31 51 OK 3698112
31 52 OK 3770624
31 53 OK 3843136
31 54 OK 3915648
31 55 OK 3988160
31 56 OK 4060672
31 57 OK 4133184
31 58 OK 4205696
31 59 OK 4278208
31 60 OK 4350720
31 61 OK 4423232
31 62 OK 4495744
31 63 OK 4568256
31 64 OK 4640768
31 96 OK 6961152
31 128 OK 9281536
31 200 OK 14502400
31 255 OK 18490560
31 256 OK 18563072
31 257 OK 18635584
31 512 OK 37126144
31 768 OK 55689216
31 1023 OK 74179776
31 1024 OK 74179776
31 1025 OK 74324800
31 1279 OK 92742848
31 1280 OK 92815360
31 1281 OK 92887872
31 1536 OK 111378432
31 2047 OK 148432064
31 2048 OK 148504576
31 2049 OK 148577088
31 3000 OK 217536000
31 4095 OK 296936640
31 4096 OK 297009152
31 4097 OK 297081664
31 6144 OK 445513728
31 8191 OK 593945792
31 8192 OK 594018304
31 8193 OK 594090816
31 12288 OK 891027456
31 16384 OK 1188036608
31 32768 OK 2376073216
31 65536 OK 4752146432
31 131072 OK 9504292864
32 32 OK 92160
32 33 OK 95040
32 34 OK 97920
32 35 OK 100800
32 36 OK 103680
32 37 OK 106560
32 38 OK 109440
32 39 OK 112320
32 40 OK 115200
32 41 OK 118080
32 42 OK 120960
32 43 OK 123840
32 44 OK 126720
32 45 OK 129600
32 46 OK 132480
32 47 OK 135360
32 48 OK 138240
32 49 OK 3553088
32 50 OK 3625600
32 51 OK 3698112
32 52 OK 3770624
32 53 OK 3843136
32 54 OK 3915648
32 55 OK 3988160
32 56 OK 4060672
32 57 OK 4133184
32 58 OK 4205696
32 59 OK 4278208
32 60 OK 4350720
32 61 OK 4423232
32 62 OK 4495744
32 63 OK 4568256
32 64 OK 4640768
32 96 OK 6961152
32 128 OK 9281536
32 200 OK 14502400
32 255 OK 18490560
32 256 OK 18563072
32 257 OK 18635584
32 512 OK 37126144
32 768 OK 55689216
32 1023 OK 74179776
32 1024 OK 74179776
32 1025 OK 74324800
32 1279 OK 92742848
32 1280 OK 92815360
32 1281 OK 92887872
32 1536 OK 111378432
32 2047 OK 148432064
32 2048 OK 148504576
32 2049 OK 148577088
32 3000 OK 217536000
32 4095 OK 296936640
32 4096 OK 297009152
32 4097 OK 297081664
32 6144 OK 445513728
32 8191 OK 593945792
32 8192 OK 594018304
32 8193 OK 594090816
32 12288 OK 891027456
32 16384 OK 1188036608
32 32768 OK 2376073216
32 65536 OK 4752146432
32 131072 OK 9504292864
33 33 OK 95040
33 34 OK 97920
33 35 OK 100800
33 36 OK 103680
33 37 OK 106560
33 38 OK 109440
33 39 OK 112320
33 40 OK 115200
33 41 OK 118080
33 42 OK 120960
33 43 OK 123840
33 44 OK 126720
33 45 OK 129600
33 46 OK 132480
33 47 OK 135360
33 48 OK 138240
33 49 OK 3553088
33 50 OK 3625600
33 51 OK 3698112
33 52 OK 3770624
33 53 OK 3843136
33 54 OK 3915648
33 55 OK 3988160
33 56 OK 4060672
33 57 OK 4133184
33 58 OK 4205696
33 59 OK 4278208
33 60 OK 4350720
33 61 OK 4423232
33 62 OK 4495744
33 63 OK 4568256
33 64 OK 4640768
33 96 OK 6961152
33 128 OK 9281536
33 200 OK 14502400
33 255 OK 18490560
33 256 OK 18563072
33 257 OK 18635584
33 512 OK 37126144
33 768 OK 55689216
33 1023 OK 74179776
33 1024 OK 74179776
33 1025 OK 74324800
33 1279 OK 92742848
33 1280 OK 92815360
33 1281 OK 92887872
33 1536 OK 111378432
33 2047 OK 148432064
33 2048 OK 148504576
33 2049 OK 148577088
33 3000 OK 217536000
33 4095 OK 296936640
33 4096 OK 297009152
33 4097 OK 297081664
33 6144 OK 445513728
33 8191 OK 593945792
33 8192 OK 594018304
33 8193 OK 594090816
33 12288 OK 891027456
33 16384 OK 1188036608
33 32768 OK 2376073216
33 65536 OK 4752146432
33 131072 OK 9504292864
34 34 OK 97920
34 35 OK 100800
34 36 OK 103680
34 37 OK 106560
34 38 OK 109440
34 39 OK 112320
34 40 OK 115200
34 41 OK 118080
34 42 OK 120960
34 43 OK 123840
34 44 OK 126720
34 45 OK 129600
34 46 OK 132480
34 47 OK 135360
34 48 OK 138240
34 49 OK 3553088
34 50 OK 3625600
34 51 OK 3698112
34 52 OK 3770624
34 53 OK 3843136
34 54 OK 3915648
34 55 OK 3988160
34 56 OK 4060672
34 57 OK 4133184
34 58 OK 4205696
34 59 OK 4278208
34 60 OK 4350720
34 61 OK 4423232
34 62 OK 4495744
34 63 OK 4568256
34 64 OK 4640768
34 96 OK 6961152
34 128 OK 9281536
34 200 OK 14502400
34 255 OK 18490560
34 256 OK 18563072
34 257 OK 18635584
34 512 OK 37126144
34 768 OK 55689216
34 1023 OK 74179776
34 1024 OK 74179776
34 1025 OK 74324800
34 1279 OK 92742848
34 1280 OK 92815360
34 1281 OK 92887872
34 1536 OK 111378432
34 2047 OK 148432064
34 2048 OK 148504576
34 2049 OK 148577088
34 3000 OK 217536000
34 4095 OK 296936640
34 4096 OK 297009152
34 4097 OK 297081664
34 6144 OK 445513728
34 8191 OK 593945792
34 8192 OK 594018304
34 8193 OK 594090816
34 12288 OK 891027456
34 16384 OK 1188036608
34 32768 OK 2376073216
34 65536 OK 4752146432
34 131072 OK 9504292864
35 35 OK 100800
35 36 OK 103680
35 37 OK 106560
35 38 OK 109440
35 39 OK 112320
35 40 OK 115200
35 41 OK 118080
35 42 OK 120960
35 43 OK 123840
35 44 OK 126720
35 45 OK 129600
35 46 OK 132480
35 47 OK 135360
35 48 OK 138240
35 49 OK 3553088
35 50 OK 3625600
35 51 OK 3698112
35 52 OK 3770624
35 53 OK 3843136
35 54 OK 3915648
35 55 OK 3988160
35 56 OK 4060672
35 57 OK 4133184
35 58 OK 4205696
35 59 OK 4278208
35 60 OK 4350720
35 61 OK 4423232
35 62 OK 4495744
35 63 OK 4568256
35 64 OK 4640768
35 96 OK 6961152
35 128 OK 9281536
35 200 OK 14502400
35 255 OK 18490560
35 256 OK 18563072
35 257 OK 18635584
35 512 OK 37126144
35 768 OK 55689216
35 1023 OK 74179776
35 1024 OK 74179776
35 1025 OK 74324800
35 1279 OK 92742848
35 1280 OK 92815360
35 1281 OK 92887872
35 1536 OK 111378432
35 2047 OK 148432064
35 2048 OK 148504576
35 2049 OK 148577088
35 3000 OK 217536000
35 4095 OK 296936640
35 4096 OK 297009152
35 4097 OK 297081664
35 6144 OK 445513728
35 8191 OK 593945792
35 8192 OK 594018304
35 8193 OK 594090816
35 12288 OK 891027456
35 16384 OK 1188036608
35 32768 OK 2376073216
35 65536 OK 4752146432
35 131072 OK 9504292864
36 36 OK 103680
36 37 OK 106560
36 38 OK 109440
36 39 OK 112320
36 40 OK 115200
36 41 OK 118080
36 42 OK 120960
36 43 OK 123840
36 44 OK 126720
36 45 OK 129600
36 46 OK 132480
36 47 OK 135360
36 48 OK 138240
36 49 OK 3553088
36 50 OK 3625600
36 51 OK 3698112
36 52 OK 3770624
36 53 OK 3843136
36 54 OK 3915648
36 55 OK 3988160
36 56 OK 4060672
36 57 OK 4133184
36 58 OK 4205696
36 59 OK 4278208
36 60 OK 4350720
36 61 OK 4423232
36 62 OK 4495744
36 63 OK 4568256
36 64 OK 4640768
36 96 OK 6961152
36 128 OK 9281536
36 200 OK 14502400
36 255 OK 18490560
36 256 OK 18563072
36 257 OK 18635584
36 512 OK 37126144
36 768 OK 55689216
36 1023 OK 74179776
36 1024 OK 74179776
36 1025 OK 74324800
36 1279 OK 92742848
36 1280 OK 92815360
36 1281 OK 92887872
36 1536 OK 111378432
36 2047 OK 148432064
36 2048 OK 148504576
36 2049 OK 148577088
36 3000 OK 217536000
36 4095 OK 296936640
36 4096 OK 297009152
36 4097 OK 297081664
36 6144 OK 445513728
36 8191 OK 593945792
36 8192 OK 594018304
36 8193 OK 594090816
36 12288 OK 891027456
36 16384 OK 1188036608
36 32768 OK 2376073216
36 65536 OK 4752146432
36 131072 OK 9504292864
37 37 OK 106560
37 38 OK 109440
37 39 OK 112320
37 40 OK 115200
37 41 OK 118080
37 42 OK 120960
37 43 OK 123840
37 44 OK 126720
37 45 OK 129600
37 46 OK 132480
37 47 OK 135360
37 48 OK 138240
37 49 OK 3553088
37 50 OK 3625600
37 51 OK 3698112
37 52 OK 3770624
37 53 OK 3843136
37 54 OK 3915648
37 55 OK 3988160
37 56 OK 4060672
37 57 OK 4133184
37 58 OK 4205696
37 59 OK 4278208
37 60 OK 4350720
37 61 OK 4423232
37 62 OK 4495744
37 63 OK 4568256
37 64 OK 4640768
37 96 OK 6961152
37 128 OK 9281536
37 200 OK 14502400
37 255 OK 18490560
37 256 OK 18563072
37 257 OK 18635584
37 512 OK 37126144
37 768 OK 55689216
37 1023 OK 74179776
37 1024 OK 74179776
37 1025 OK 74324800
37 1279 OK 92742848
37 1280 OK 92815360
37 1281 OK 92887872
37 1536 OK 111378432
37 2047 OK 148432064
37 2048 OK 148504576
37 2049 OK 148577088
37 3000 OK 217536000
37 4095 OK 296936640
37 4096 OK 297009152
37 4097 OK 297081664
37 6144 OK 445513728
37 8191 OK 593945792
37 8192 OK 594018304
37 8193 OK 594090816
37 12288 OK 891027456
37 16384 OK 1188036608
37 32768 OK 2376073216
37 65536 OK 4752146432
37 131072 OK 9504292864
38 38 OK 109440
38 39 OK 112320
38 40 OK 115200
38 41 OK 118080
38 42 OK 120960
38 43 OK 123840
38 44 OK 126720
38 45 OK 129600
38 46 OK 132480
38 47 OK 135360
38 48 OK 138240
38 49 OK 3553088
38 50 OK 3625600
38 51 OK 3698112
38 52 OK 3770624
38 53 OK 3843136
38 54 OK 3915648
38 55 OK 3988160
38 56 OK 4060672
38 57 OK 4133184
38 58 OK 4205696
38 59 OK 4278208
38 60 OK 4350720
38 61 OK 4423232
38 62 OK 4495744
38 63 OK 4568256
38 64 OK 4640768
38 96 OK 6961152
38 128 OK 9281536
38 200 OK 14502400
38 255 OK 18490560
38 256 OK 18563072
38 257 OK 18635584
38 512 OK 37126144
38 768 OK 55689216
38 1023 OK 74179776
38 1024 OK 74179776
38 1025 OK 74324800
38 1279 OK 92742848
38 1280 OK 92815360
38 1281 OK 92887872
38 1536 OK 111378432
38 2047 OK 148432064
38 2048 OK 148504576
38 2049 OK 148577088
38 3000 OK 217536000
38 4095 OK 296936640
38 4096 OK 297009152
38 4097 OK 297081664
38 6144 OK 445513728
38 8191 OK 593945792
38 8192 OK 594018304
38 8193 OK 594090816
38 12288 OK 891027456
38 16384 OK 1188036608
38 32768 OK 2376073216
38 65536 OK 4752146432
38 131072 OK 9504292864
39 39 OK 112320
39 40 OK 115200
39 41 OK 118080
39 42 OK 120960
39 43 OK 123840
39 44 OK 126720
39 45 OK 129600
39 46 OK 132480
39 47 OK 135360
39 48 OK 138240
39 49 OK 3553088
39 50 OK 3625600
39 51 OK 3698112
39 52 OK 3770624
39 53 OK 3843136
39 54 OK 3915648
39 55 OK 3988160
39 56 OK 4060672
39 57 OK 4133184
39 58 OK 4205696
39 59 OK 4278208
39 60 OK 4350720
39 61 OK 4423232
39 62 OK 4495744
39 63 OK 4568256
39 64 OK 4640768
39 96 OK 6961152
39 128 OK 9281536
39 200 OK 14502400
39 255 OK 18490560
39 256 OK 18563072
39 257 OK 18635584
39 512 OK 37126144
39 768 OK 55689216
39 1023 OK 74179776
39 1024 OK 74179776
39 1025 OK 74324800
39 1279 OK 92742848
39 1280 OK 92815360
39 1281 OK 92887872
39 1536 OK 111378432
39 2047 OK 148432064
39 2048 OK 148504576
39 2049 OK 148577088
39 3000 OK 217536000
39 4095 OK 296936640
39 4096 OK 297009152
39 4097 OK 297081664
39 6144 OK 445513728
39 8191 OK 593945792
39 8192 OK 594018304
39 8193 OK 594090816
39 12288 OK 891027456
39 16384 OK 1188036608
39 32768 OK 2376073216
39 65536 OK 4752146432
39 131072 OK 9504292864
40 40 OK 115200
40 41 OK 118080
40 42 OK 120960
40 43 OK 123840
40 44 OK 126720
40 45 OK 129600
40 46 OK 132480
40 47 OK 135360
40 48 OK 138240
40 49 OK 3553088
40 50 OK 3625600
40 51 OK 3698112
40 52 OK 3770624
40 53 OK 3843136
40 54 OK 3915648
40 55 OK 3988160
40 56 OK 4060672
40 57 OK 4133184
40 58 OK 4205696
40 59 OK 4278208
40 60 OK 4350720
40 61 OK 4423232
40 62 OK 4495744
40 63 OK 4568256
40 64 OK 4640768
40 96 OK 6961152
40 128 OK 9281536
40 200 OK 14502400
40 255 OK 18490560
40 256 OK 18563072
40 257 OK 18635584
40 512 OK 37126144
40 768 OK 55689216
40 1023 OK 74179776
40 1024 OK 74179776
40 1025 OK 74324800
40 1279 OK 92742848
40 1280 OK 92815360
40 1281 OK 92887872
40 1536 OK 111378432
40 2047 OK 148432064
40 2048 OK 148504576
40 2049 OK 148577088
40 3000 OK 217536000
40 4095 OK 296936640
40 4096 OK 297009152
40 4097 OK 297081664
40 6144 OK 445513728
40 8191 OK 593945792
40 8192 OK 594018304
40 8193 OK 594090816
40 12288 OK 891027456
40 16384 OK 1188036608
40 32768 OK 2376073216
40 65536 OK 4752146432
40 131072 OK 9504292864
41 41 OK 118080
41 42 OK 120960
41 43 OK 123840
41 44 OK 126720
41 45 OK 129600
41 46 OK 132480
41 47 OK 135360
41 48 OK 138240
41 49 OK 3553088
41 50 OK 3625600
41 51 OK 3698112
41 52 OK 3770624
41 53 OK 3843136
41 54 OK 3915648
41 55 OK 3988160
41 56 OK 4060672
41 57 OK 4133184
41 58 OK 4205696
41 59 OK 4278208
41 60 OK 4350720
41 61 OK 4423232
41 62 OK 4495744
41 63 OK 4568256
41 64 OK 4640768
41 96 OK 6961152
41 128 OK 9281536
41 200 OK 14502400
41 255 OK 18490560
41 256 OK 18563072
41 257 OK 18635584
41 512 OK 37126144
41 768 OK 55689216
41 1023 OK 74179776
41 1024 OK 74179776
41 1025 OK 74324800
41 1279 OK 92742848
41 1280 OK 92815360
41 1281 OK 92887872
41 1536 OK 111378432
41 2047 OK 148432064
41 2048 OK 148504576
41 2049 OK 148577088
41 3000 OK 217536000
41 4095 OK 296936640
41 4096 OK 297009152
41 4097 OK 297081664
41 6144 OK 445513728
41 8191 OK 593945792
41 8192 OK 594018304
41 8193 OK 594090816
41 12288 OK 891027456
41 16384 OK 1188036608
41 32768 OK 2376073216
41 65536 OK 4752146432
41 131072 OK 9504292864
42 42 OK 120960
42 43 OK 123840
42 44 OK 126720
42 45 OK 129600
42 46 OK 132480
42 47 OK 135360
42 48 OK 138240
42 49 OK 3553088
42 50 OK 3625600
42 51 OK 3698112
42 52 OK 3770624
42 53 OK 3843136
42 54 OK 3915648
42 55 OK 3988160
42 56 OK 4060672
42 57 OK 4133184
42 58 OK 4205696
42 59 OK 4278208
42 60 OK 4350720
42 61 OK 4423232
42 62 OK 4495744
42 63 OK 4568256
42 64 OK 4640768
42 96 OK 6961152
42 128 OK 9281536
42 200 OK 14502400
42 255 OK 18490560
42 256 OK 18563072
42 257 OK 18635584
42 512 OK 37126144
42 768 OK 55689216
42 1023 OK 74179776
42 1024 OK 74179776
42 1025 OK 74324800
42 1279 OK 92742848
42 1280 OK 92815360
42 1281 OK 92887872
42 1536 OK 111378432
42 2047 OK 148432064
42 2048 OK 148504576
42 2049 OK 148577088
42 3000 OK 217536000
42 4095 OK 296936640
42 4096 OK 297009152
42 4097 OK 297081664
42 6144 OK 445513728
42 8191 OK 593945792
42 8192 OK 594018304
42 8193 OK 594090816
42 12288 OK 891027456
42 16384 OK 1188036608
42 32768 OK 2376073216
42 65536 OK 4752146432
42 131072 OK 9504292864
43 43 OK 123840
43 44 OK 126720
43 45 OK 129600
43 46 OK 132480
43 47 OK 135360
43 48 OK 138240
43 49 OK 3553088
43 50 OK 3625600
43 51 OK 3698112
43 52 OK 3770624
43 53 OK 3843136
43 54 OK 3915648
43 55 OK 3988160
43 56 OK 4060672
43 57 OK 4133184
43 58 OK 4205696
43 59 OK 4278208
43 60 OK 4350720
43 61 OK 4423232
43 62 OK 4495744
43 63 OK 4568256
43 64 OK 4640768
43 96 OK 6961152
43 128 OK 9281536
43 200 OK 14502400
43 255 OK 18490560
43 256 OK 18563072
43 257 OK 18635584
43 512 OK 37126144
43 768 OK 55689216
43 1023 OK 74179776
43 1024 OK 74179776
43 1025 OK 74324800
43 1279 OK 92742848
43 1280 OK 92815360
43 1281 OK 92887872
43 1536 OK 111378432
43 2047 OK 148432064
43 2048 OK 148504576
43 2049 OK 148577088
43 3000 OK 217536000
43 4095 OK 296936640
43 4096 OK 297009152
43 4097 OK 297081664
43 6144 OK 445513728
43 8191 OK 593945792
43 8192 OK 594018304
43 8193 OK 594090816
43 12288 OK 891027456
43 16384 OK 1188036608
43 32768 OK 2376073216
43 65536 OK 4752146432
43 131072 OK 9504292864
44 44 OK 126720
44 45 OK 129600
44 46 OK 132480
44 47 OK 135360
44 48 OK 138240
44 49 OK 3553088
44 50 OK 3625600
44 51 OK 3698112
44 52 OK 3770624
44 53 OK 3843136
44 54 OK 3915648
44 55 OK 3988160
44 56 OK 4060672
44 57 OK 4133184
44 58 OK 4205696
44 59 OK 4278208
44 60 OK 4350720
44 61 OK 4423232
44 62 OK 4495744
44 63 OK 4568256
44 64 OK 4640768
44 96 OK 6961152
44 128 OK 9281536
44 200 OK 14502400
44 255 OK 18490560
44 256 OK 18563072
44 257 OK 18635584
44 512 OK 37126144
44 768 OK 55689216
44 1023 OK 74179776
44 1024 OK 74179776
44 1025 OK 74324800
44 1279 OK 92742848
44 1280 OK 92815360
44 1281 OK 92887872
44 1536 OK 111378432
44 2047 OK 148432064
44 2048 OK 148504576
44 2049 OK 148577088
44 3000 OK 217536000
44 4095 OK 296936640
44 4096 OK 297009152
44 4097 OK 297081664
44 6144 OK 445513728
44 8191 OK 593945792
44 8192 OK 594018304
44 8193 OK 594090816
44 12288 OK 891027456
44 16384 OK 1188036608
44 32768 OK 2376073216
44 65536 OK 4752146432
44 131072 OK 9504292864
45 45 OK 129600
45 46 OK 132480
45 47 OK 135360
45 48 OK 138240
45 49 OK 3553088
45 50 OK 3625600
45 51 OK 3698112
45 52 OK 3770624
45 53 OK 3843136
45 54 OK 3915648
45 55 OK 3988160
45 56 OK 4060672
45 57 OK 4133184
45 58 OK 4205696
45 59 OK 4278208
45 60 OK 4350720
45 61 OK 4423232
45 62 OK 4495744
45 63 OK 4568256
45 64 OK 4640768
45 96 OK 6961152
45 128 OK 9281536
45 200 OK 14502400
45 255 OK 18490560
45 256 OK 18563072
45 257 OK 18635584
45 512 OK 37126144
45 768 OK 55689216
45 1023 OK 74179776
45 1024 OK 74179776
45 1025 OK 74324800
45 1279 OK 92742848
45 1280 OK 92815360
45 1281 OK 92887872
45 1536 OK 111378432
45 2047 OK 148432064
45 2048 OK 148504576
45 2049 OK 148577088
45 3000 OK 217536000
45 4095 OK 296936640
45 4096 OK 297009152
45 4097 OK 297081664
45 6144 OK 445513728
45 8191 OK 593945792
45 8192 OK 594018304
45 8193 OK 594090816
45 12288 OK 891027456
45 16384 OK 1188036608
45 32768 OK 2376073216
45 65536 OK 4752146432
45 131072 OK 9504292864
46 46 OK 132480
46 47 OK 135360
46 48 OK 138240
46 49 OK 3553088
46 50 OK 3625600
46 51 OK 3698112
46 52 OK 3770624
46 53 OK 3843136
46 54 OK 3915648
46 55 OK 3988160
46 56 OK 4060672
46 57 OK 4133184
46 58 OK 4205696
46 59 OK 4278208
46 60 OK 4350720
46 61 OK 4423232
46 62 OK 4495744
46 63 OK 4568256
46 64 OK 4640768
46 96 OK 6961152
46 128 OK 9281536
46 200 OK 14502400
46 255 OK 18490560
46 256 OK 18563072
46 257 OK 18635584
46 512 OK 37126144
46 768 OK 55689216
46 1023 OK 74179776
46 1024 OK 74179776
46 1025 OK 74324800
46 1279 OK 92742848
46 1280 OK 92815360
46 1281 OK 92887872
46 1536 OK 111378432
46 2047 OK 148432064
46 2048 OK 148504576
46 2049 OK 148577088
46 3000 OK 217536000
46 4095 OK 296936640
46 4096 OK 297009152
46 4097 OK 297081664
46 6144 OK 445513728
46 8191 OK 593945792
46 8192 OK 594018304
46 8193 OK 594090816
46 12288 OK 891027456
46 16384 OK 1188036608
46 32768 OK 2376073216
46 65536 OK 4752146432
46 131072 OK 9504292864
47 47 OK 135360
47 48 OK 138240
47 49 OK 3553088
47 50 OK 3625600
47 51 OK 3698112
47 52 OK 3770624
47 53 OK 3843136
47 54 OK 3915648
47 55 OK 3988160
47 56 OK 4060672
47 57 OK 4133184
47 58 OK 4205696
47 59 OK 4278208
47 60 OK 4350720
47 61 OK 4423232
47 62 OK 4495744
47 63 OK 4568256
47 64 OK 4640768
47 96 OK 6961152
47 128 OK 9281536
47 200 OK 14502400
47 255 OK 18490560
47 256 OK 18563072
47 257 OK 18635584
47 512 OK 37126144
47 768 OK 55689216
47 1023 OK 74179776
47 1024 OK 74179776
47 1025 OK 74324800
47 1279 OK 92742848
47 1280 OK 92815360
47 1281 OK 92887872
47 1536 OK 111378432
47 2047 OK 148432064
47 2048 OK 148504576
47 2049 OK 148577088
47 3000 OK 217536000
47 4095 OK 296936640
47 4096 OK 297009152
47 4097 OK 297081664
47 6144 OK 445513728
47 8191 OK 593945792
47 8192 OK 594018304
47 8193 OK 594090816
47 12288 OK 891027456
47 16384 OK 1188036608
47 32768 OK 2376073216
47 65536 OK 4752146432
47 131072 OK 9504292864
48 48 OK 138240
48 49 OK 3553088
48 50 OK 3625600
48 51 OK 3698112
48 52 OK 3770624
48 53 OK 3843136
48 54 OK 3915648
48 55 OK 3988160
48 56 OK 4060672
48 57 OK 4133184
48 58 OK 4205696
48 59 OK 4278208
48 60 OK 4350720
48 61 OK 4423232
48 62 OK 4495744
48 63 OK 4568256
48 64 OK 4640768
48 96 OK 6961152
48 128 OK 9281536
48 200 OK 14502400
48 255 OK 18490560
48 256 OK 18563072
48 257 OK 18635584
48 512 OK 37126144
48 768 OK 55689216
48 1023 OK 74179776
48 1024 OK 74179776
48 1025 OK 74324800
48 1279 OK 92742848
48 1280 OK 92815360
48 1281 OK 92887872
48 1536 OK 111378432
48 2047 OK 148432064
48 2048 OK 148504576
48 2049 OK 148577088
48 3000 OK 217536000
48 4095 OK 296936640
48 4096 OK 297009152
48 4097 OK 297081664
48 6144 OK 445513728
48 8191 OK 593945792
48 8192 OK 594018304
48 8193 OK 594090816
48 12288 OK 891027456
48 16384 OK 1188036608
48 32768 OK 2376073216
48 65536 OK 4752146432
48 131072 OK 9504292864
49 49 OK 3553088
49 50 OK 3625600
49 51 OK 3698112
49 52 OK 3770624
49 53 OK 3843136
49 54 OK 3915648
49 55 OK 3988160
49 56 OK 4060672
49 57 OK 4133184
49 58 OK 4205696
49 59 OK 4278208
49 60 OK 4350720
49 61 OK 4423232
49 62 OK 4495744
49 63 OK 4568256
49 64 OK 4640768
49 96 OK 6961152
49 128 OK 9281536
49 200 OK 14502400
49 255 OK 18490560
49 256 OK 18563072
49 257 OK 18635584
49 512 OK 37126144
49 768 OK 55689216
49 1023 OK 74179776
49 1024 OK 74179776
49 1025 OK 74324800
49 1279 OK 92742848
49 1280 OK 92815360
49 1281 OK 92887872
49 1536 OK 111378432
49 2047 OK 148432064
49 2048 OK 148504576
49 2049 OK 148577088
49 3000 OK 217536000
49 4095 OK 296936640
49 4096 OK 297009152
49 4097 OK 297081664
49 6144 OK 445513728
49 8191 OK 593945792
49 8192 OK 594018304
49 8193 OK 594090816
49 12288 OK 891027456
49 16384 OK 1188036608
49 32768 OK 2376073216
49 65536 OK 4752146432
49 131072 OK 9504292864
50 50 OK 3625600
50 51 OK 3698112
50 52 OK 3770624
50 53 OK 3843136
50 54 OK 3915648
50 55 OK 3988160
50 56 OK 4060672
50 57 OK 4133184
50 58 OK 4205696
50 59 OK 4278208
50 60 OK 4350720
50 61 OK 4423232
50 62 OK 4495744
50 63 OK 4568256
50 64 OK 4640768
50 96 OK 6961152
50 128 OK 9281536
50 200 OK 14502400
50 255 OK 18490560
50 256 OK 18563072
50 257 OK 18635584
50 512 OK 37126144
50 768 OK 55689216
50 1023 OK 74179776
50 1024 OK 74179776
50 1025 OK 74324800
50 1279 OK 92742848
50 1280 OK 92815360
50 1281 OK 92887872
50 1536 OK 111378432
50 2047 OK 148432064
50 2048 OK 148504576
50 2049 OK 148577088
50 3000 OK 217536000
50 4095 OK 296936640
50 4096 OK 297009152
50 4097 OK 297081664
50 6144 OK 445513728
50 8191 OK 593945792
50 8192 OK 594018304
50 8193 OK 594090816
50 12288 OK 891027456
50 16384 OK 1188036608
50 32768 OK 2376073216
50 65536 OK 4752146432
50 131072 OK 9504292864
51 51 OK 3698112
51 52 OK 3770624
51 53 OK 3843136
51 54 OK 3915648
51 55 OK 3988160
51 56 OK 4060672
51 57 OK 4133184
51 58 OK 4205696
51 59 OK 4278208
51 60 OK 4350720
51 61 OK 4423232
51 62 OK 4495744
51 63 OK 4568256
51 64 OK 4640768
51 96 OK 6961152
51 128 OK 9281536
51 200 OK 14502400
51 255 OK 18490560
51 256 OK 18563072
51 257 OK 18635584
51 512 OK 37126144
51 768 OK 55689216
51 1023 OK 74179776
51 1024 OK 74179776
51 1025 OK 74324800
51 1279 OK 92742848
51 1280 OK 92815360
51 1281 OK 92887872
51 1536 OK 111378432
51 2047 OK 148432064
51 2048 OK 148504576
51 2049 OK 148577088
51 3000 OK 217536000
51 4095 OK 296936640
51 4096 OK 297009152
51 4097 OK 297081664
51 6144 OK 445513728
51 8191 OK 593945792
51 8192 OK 594018304
51 8193 OK 594090816
51 12288 OK 891027456
51 16384 OK 1188036608
51 32768 OK 2376073216
51 65536 OK 4752146432
51 131072 OK 9504292864
52 52 OK 3770624
52 53 OK 3843136
52 54 OK 3915648
52 55 OK 3988160
52 56 OK 4060672
52 57 OK 4133184
52 58 OK 4205696
52 59 OK 4278208
52 60 OK 4350720
52 61 OK 4423232
52 62 OK 4495744
52 63 OK 4568256
52 64 OK 4640768
52 96 OK 6961152
52 128 OK 9281536
52 200 OK 14502400
52 255 OK 18490560
52 256 OK 18563072
52 257 OK 18635584
52 512 OK 37126144
52 768 OK 55689216
52 1023 OK 74179776
52 1024 OK 74179776
52 1025 OK 74324800
52 1279 OK 92742848
52 1280 OK 92815360
52 1281 OK 92887872
52 1536 OK 111378432
52 2047 OK 148432064
52 2048 OK 148504576
52 2049 OK 148577088
52 3000 OK 217536000
52 4095 OK 296936640
52 4096 OK 297009152
52 4097 OK 297081664
52 6144 OK 445513728
52 8191 OK 593945792
52 8192 OK 594018304
52 8193 OK 594090816
52 12288 OK 891027456
52 16384 OK 1188036608
52 32768 OK 2376073216
52 65536 OK 4752146432
52 131072 OK 9504292864
53 53 OK 3843136
53 54 OK 3915648
53 55 OK 3988160
53 56 OK 4060672
53 57 OK 4133184
53 58 OK 4205696
53 59 OK 4278208
53 60 OK 4350720
53 61 OK 4423232
53 62 OK 4495744
53 63 OK 4568256
53 64 OK 4640768
53 96 OK 6961152
53 128 OK 9281536
53 200 OK 14502400
53 255 OK 18490560
53 256 OK 18563072
53 257 OK 18635584
53 512 OK 37126144
53 768 OK 55689216
53 1023 OK 74179776
53 1024 OK 74179776
53 1025 OK 74324800
53 1279 OK 92742848
53 1280 OK 92815360
53 1281 OK 92887872
53 1536 OK 111378432
53 2047 OK 148432064
53 2048 OK 148504576
53 2049 OK 148577088
53 3000 OK 217536000
53 4095 OK 296936640
53 4096 OK 297009152
53 4097 OK 297081664
53 6144 OK 445513728
53 8191 OK 593945792
53 8192 OK 594018304
53 8193 OK 594090816
53 12288 OK 891027456
53 16384 OK 1188036608
53 32768 OK 2376073216
53 65536 OK 4752146432
53 131072 OK 9504292864
54 54 OK 3915648
54 55 OK 3988160
54 56 OK 4060672
54 57 OK 4133184
54 58 OK 4205696
54 59 OK 4278208
54 60 OK 4350720
54 61 OK 4423232
54 62 OK 4495744
54 63 OK 4568256
54 64 OK 4640768
54 96 OK 6961152
54 128 OK 9281536
54 200 OK 14502400
54 255 OK 18490560
54 256 OK 18563072
54 257 OK 18635584
54 512 OK 37126144
54 768 OK 55689216
54 1023 OK 74179776
54 1024 OK 74179776
54 1025 OK 74324800
54 1279 OK 92742848
54 1280 OK 92815360
54 1281 OK 92887872
54 1536 OK 111378432
54 2047 OK 148432064
54 2048 OK 148504576
54 2049 OK 148577088
54 3000 OK 217536000
54 4095 OK 296936640
54 4096 OK 297009152
54 4097 OK 297081664
54 6144 OK 445513728
54 8191 OK 593945792
54 8192 OK 594018304
54 8193 OK 594090816
54 12288 OK 891027456
54 16384 OK 1188036608
54 32768 OK 2376073216
54 65536 OK 4752146432
54 131072 OK 9504292864
55 55 OK 3988160
55 56 OK 4060672
55 57 OK 4133184
55 58 OK 4205696
55 59 OK 4278208
55 60 OK 4350720
55 61 OK 4423232
55 62 OK 4495744
55 63 OK 4568256
55 64 OK 4640768
55 96 OK 6961152
55 128 OK 9281536
55 200 OK 14502400
55 255 OK 18490560
55 256 OK 18563072
55 257 OK 18635584
55 512 OK 37126144
55 768 OK 55689216
55 1023 OK 74179776
55 1024 OK 74179776
55 1025 OK 74324800
55 1279 OK 92742848
55 1280 OK 92815360
55 1281 OK 92887872
55 1536 OK 111378432
55 2047 OK 148432064
55 2048 OK 148504576
55 2049 OK 148577088
55 3000 OK 217536000
55 4095 OK 296936640
55 4096 OK 297009152
55 4097 OK 297081664
55 6144 OK 445513728
55 8191 OK 593945792
55 8192 OK 594018304
55 8193 OK 594090816
55 12288 OK 891027456
55 16384 OK 1188036608
55 32768 OK 2376073216
55 65536 OK 4752146432
55 131072 OK 9504292864
56 56 OK 4060672
56 57 OK 4133184
56 58 OK 4205696
56 59 OK 4278208
56 60 OK 4350720
56 61 OK 4423232
56 62 OK 4495744
56 63 OK 4568256
56 64 OK 4640768
56 96 OK 6961152
56 128 OK 9281536
56 200 OK 14502400
56 255 OK 18490560
56 256 OK 18563072
56 257 OK 18635584
56 512 OK 37126144
56 768 OK 55689216
56 1023 OK 74179776
56 1024 OK 74179776
56 1025 OK 74324800
56 1279 OK 92742848
56 1280 OK 92815360
56 1281 OK 92887872
56 1536 OK 111378432
56 2047 OK 148432064
56 2048 OK 148504576
56 2049 OK 148577088
56 3000 OK 217536000
56 4095 OK 296936640
56 4096 OK 297009152
56 4097 OK 297081664
56 6144 OK 445513728
56 8191 OK 593945792
56 8192 OK 594018304
56 8193 OK 594090816
56 12288 OK 891027456
56 16384 OK 1188036608
56 32768 OK 2376073216
56 65536 OK 4752146432
56 131072 OK 9504292864
57 57 OK 4133184
57 58 OK 4205696
57 59 OK 4278208
57 60 OK 4350720
57 61 OK 4423232
57 62 OK 4495744
57 63 OK 4568256
57 64 OK 4640768
57 96 OK 6961152
57 128 OK 9281536
57 200 OK 14502400
57 255 OK 18490560
57 256 OK 18563072
57 257 OK 18635584
57 512 OK 37126144
57 768 OK 55689216
57 1023 OK 74179776
57 1024 OK 74179776
57 1025 OK 74324800
57 1279 OK 92742848
57 1280 OK 92815360
57 1281 OK 92887872
57 1536 OK 111378432
57 2047 OK 148432064
57 2048 OK 148504576
57 2049 OK 148577088
57 3000 OK 217536000
57 4095 OK 296936640
57 4096 OK 297009152
57 4097 OK 297081664
57 6144 OK 445513728
57 8191 OK 593945792
57 8192 OK 594018304
57 8193 OK 594090816
57 12288 OK 891027456
57 16384 OK 1188036608
57 32768 OK 2376073216
57 65536 OK 4752146432
57 131072 OK 9504292864
58 58 OK 4205696
58 59 OK 4278208
58 60 OK 4350720
58 61 OK 4423232
58 62 OK 4495744
58 63 OK 4568256
58 64 OK 4640768
58 96 OK 6961152
58 128 OK 9281536
58 200 OK 14502400
58 255 OK 18490560
58 256 OK 18563072
58 257 OK 18635584
58 512 OK 37126144
58 768 OK 55689216
58 1023 OK 74179776
58 1024 OK 74179776
58 1025 OK 74324800
58 1279 OK 92742848
58 1280 OK 92815360
58 1281 OK 92887872
58 1536 OK 111378432
58 2047 OK 148432064
58 2048 OK 148504576
58 2049 OK 148577088
58 3000 OK 217536000
58 4095 OK 296936640
58 4096 OK 297009152
58 4097 OK 297081664
58 6144 OK 445513728
58 8191 OK 593945792
58 8192 OK 594018304
58 8193 OK 594090816
58 12288 OK 891027456
58 16384 OK 1188036608
58 32768 OK 2376073216
58 65536 OK 4752146432
58 131072 OK 9504292864
59 59 OK 4278208
59 60 OK 4350720
59 61 OK 4423232
59 62 OK 4495744
59 63 OK 4568256
59 64 OK 4640768
59 96 OK 6961152
59 128 OK 9281536
59 200 OK 14502400
59 255 OK 18490560
59 256 OK 18563072
59 257 OK 18635584
59 512 OK 37126144
59 768 OK 55689216
59 1023 OK 74179776
59 1024 OK 74179776
59 1025 OK 74324800
59 1279 OK 92742848
59 1280 OK 92815360
59 1281 OK 92887872
59 1536 OK 111378432
59 2047 OK 148432064
59 2048 OK 148504576
59 2049 OK 148577088
59 3000 OK 217536000
59 4095 OK 296936640
59 4096 OK 297009152
59 4097 OK 297081664
59 6144 OK 445513728
59 8191 OK 593945792
59 8192 OK 594018304
59 8193 OK 594090816
59 12288 OK 891027456
59 16384 OK 1188036608
59 32768 OK 2376073216
59 65536 OK 4752146432
59 131072 OK 9504292864
60 60 OK 4350720
60 61 OK 4423232
60 62 OK 4495744
60 63 OK 4568256
60 64 OK 4640768
60 96 OK 6961152
60 128 OK 9281536
60 200 OK 14502400
60 255 OK 18490560
60 256 OK 18563072
60 257 OK 18635584
60 512 OK 37126144
60 768 OK 55689216
60 1023 OK 74179776
60 1024 OK 74179776
60 1025 OK 74324800
60 1279 OK 92742848
60 1280 OK 92815360
60 1281 OK 92887872
60 1536 OK 111378432
60 2047 OK 148432064
60 2048 OK 148504576
60 2049 OK 148577088
60 3000 OK 217536000
60 4095 OK 296936640
60 4096 OK 297009152
60 4097 OK 297081664
60 6144 OK 445513728
60 8191 OK 593945792
60 8192 OK 594018304
60 8193 OK 594090816
60 12288 OK 891027456
60 16384 OK 1188036608
60 32768 OK 2376073216
60 65536 OK 4752146432
60 131072 OK 9504292864
61 61 OK 4423232
61 62 OK 4495744
61 63 OK 4568256
61 64 OK 4640768
61 96 OK 6961152
61 128 OK 9281536
61 200 OK 14502400
61 255 OK 18490560
61 256 OK 18563072
61 257 OK 18635584
61 512 OK 37126144
61 768 OK 55689216
61 1023 OK 74179776
61 1024 OK 74179776
61 1025 OK 74324800
61 1279 OK 92742848
61 1280 OK 92815360
61 1281 OK 92887872
61 1536 OK 111378432
61 2047 OK 148432064
61 2048 OK 148504576
61 2049 OK 148577088
61 3000 OK 217536000
61 4095 OK 296936640
61 4096 OK 297009152
61 4097 OK 297081664
61 6144 OK 445513728
61 8191 OK 593945792
61 8192 OK 594018304
61 8193 OK 594090816
61 12288 OK 891027456
61 16384 OK 1188036608
61 32768 OK 2376073216
61 65536 OK 4752146432
61 131072 OK 9504292864
62 62 OK 4495744
62 63 OK 4568256
62 64 OK 4640768
62 96 OK 6961152
62 128 OK 9281536
62 200 OK 14502400
62 255 OK 18490560
62 256 OK 18563072
62 257 OK 18635584
62 512 OK 37126144
62 768 OK 55689216
62 1023 OK 74179776
62 1024 OK 74179776
62 1025 OK 74324800
62 1279 OK 92742848
62 1280 OK 92815360
62 1281 OK 92887872
62 1536 OK 111378432
62 2047 OK 148432064
62 2048 OK 148504576
62 2049 OK 148577088
62 3000 OK 217536000
62 4095 OK 296936640
62 4096 OK 297009152
62 4097 OK 297081664
62 6144 OK 445513728
62 8191 OK 593945792
62 8192 OK 594018304
62 8193 OK 594090816
62 12288 OK 891027456
62 16384 OK 1188036608
62 32768 OK 2376073216
62 65536 OK 4752146432
62 131072 OK 9504292864
63 63 OK 4568256
63 64 OK 4640768
63 96 OK 6961152
63 128 OK 9281536
63 200 OK 14502400
63 255 OK 18490560
63 256 OK 18563072
63 257 OK 18635584
63 512 OK 37126144
63 768 OK 55689216
63 1023 OK 74179776
63 1024 OK 74179776
63 1025 OK 74324800
63 1279 OK 92742848
63 1280 OK 92815360
63 1281 OK 92887872
63 1536 OK 111378432
63 2047 OK 148432064
63 2048 OK 148504576
63 2049 OK 148577088
63 3000 OK 217536000
63 4095 OK 296936640
63 4096 OK 297009152
63 4097 OK 297081664
63 6144 OK 445513728
63 8191 OK 593945792
63 8192 OK 594018304
63 8193 OK 594090816
63 12288 OK 891027456
63 16384 OK 1188036608
63 32768 OK 2376073216
63 65536 OK 4752146432
63 131072 OK 9504292864
64 64 OK 4640768
64 96 OK 6961152
64 128 OK 9281536
64 200 OK 14502400
64 255 OK 18490560
64 256 OK 18563072
64 257 OK 18635584
64 512 OK 37126144
64 768 OK 55689216
64 1023 OK 74179776
64 1024 OK 74179776
64 1025 OK 74324800
64 1279 OK 92742848
64 1280 OK 92815360
64 1281 OK 92887872
64 1536 OK 111378432
64 2047 OK 148432064
64 2048 OK 148504576
64 2049 OK 148577088
64 3000 OK 217536000
64 4095 OK 296936640
64 4096 OK 297009152
64 4097 OK 297081664
64 6144 OK 445513728
64 8191 OK 593945792
64 8192 OK 594018304
64 8193 OK 594090816
64 12288 OK 891027456
64 16384 OK 1188036608
64 32768 OK 2376073216
64 65536 OK 4752146432
64 131072 OK 9504292864
96 96 OK 6961152
96 128 OK 9281536
96 200 OK 14502400
96 255 OK 18490560
96 256 OK 18563072
96 257 OK 18635584
96 512 OK 37126144
96 768 OK 55689216
96 1023 OK 74179776
96 1024 OK 74179776
96 1025 OK 74324800
96 1279 OK 92742848
96 1280 OK 92815360
96 1281 OK 92887872
96 1536 OK 111378432
96 2047 OK 148432064
96 2048 OK 148504576
96 2049 OK 148577088
96 3000 OK 217536000
96 4095 OK 296936640
96 4096 OK 297009152
96 4097 OK 297081664
96 6144 OK 445513728
96 8191 OK 593945792
96 8192 OK 594018304
96 8193 OK 594090816
96 12288 OK 891027456
96 16384 OK 1188036608
96 32768 OK 2376073216
96 65536 OK 4752146432
96 131072 OK 9504292864
128 128 OK 9281536
128 200 OK 14502400
128 255 OK 18490560
128 256 OK 18563072
128 257 OK 18635584
128 512 OK 37126144
128 768 OK 55689216
128 1023 OK 74179776
128 1024 OK 74179776
128 1025 OK 74324800
128 1279 OK 92742848
128 1280 OK 92815360
128 1281 OK 92887872
128 1536 OK 111378432
128 2047 OK 148432064
128 2048 OK 148504576
128 2049 OK 148577088
128 3000 OK 217536000
128 4095 OK 296936640
128 4096 OK 297009152
128 4097 OK 297081664
128 6144 OK 445513728
128 8191 OK 593945792
128 8192 OK 594018304
128 8193 OK 594090816
128 12288 OK 891027456
128 16384 OK 1188036608
128 32768 OK 2376073216
128 65536 OK 4752146432
128 131072 OK 9504292864
200 200 OK 14502400
200 255 OK 18490560
200 256 OK 18563072
200 257 OK 18635584
200 512 OK 37126144
200 768 OK 55689216
200 1023 OK 74179776
200 1024 OK 74179776
200 1025 OK 74324800
200 1279 OK 92742848
200 1280 OK 92815360
200 1281 OK 92887872
200 1536 OK 111378432
200 2047 OK 148432064
200 2048 OK 148504576
200 2049 OK 148577088
200 3000 OK 217536000
200 4095 OK 296936640
200 4096 OK 297009152
200 4097 OK 297081664
200 6144 OK 445513728
200 8191 OK 593945792
200 8192 OK 594018304
200 8193 OK 594090816
200 12288 OK 891027456
200 16384 OK 1188036608
200 32768 OK 2376073216
200 65536 OK 4752146432
200 131072 OK 9504292864
255 255 OK 18490560
255 256 OK 18563072
255 257 OK 18635584
255 512 OK 37126144
255 768 OK 55689216
255 1023 OK 74179776
255 1024 OK 74179776
255 1025 OK 74324800
255 1279 OK 92742848
255 1280 OK 92815360
255 1281 OK 92887872
255 1536 OK 111378432
255 2047 OK 148432064
255 2048 OK 148504576
255 2049 OK 148577088
255 3000 OK 217536000
255 4095 OK 296936640
255 4096 OK 297009152
255 4097 OK 297081664
255 6144 OK 445513728
255 8191 OK 593945792
255 8192 OK 594018304
255 8193 OK 594090816
255 12288 OK 891027456
255 16384 OK 1188036608
255 32768 OK 2376073216
255 65536 OK 4752146432
255 131072 OK 9504292864
256 256 OK 18563072
256 257 OK 18635584
256 512 OK 37126144
256 768 OK 55689216
256 1023 OK 74179776
256 1024 OK 74179776
256 1025 OK 74324800
256 1279 OK 92742848
256 1280 OK 92815360
256 1281 OK 92887872
256 1536 OK 111378432
256 2047 OK 148432064
256 2048 OK 148504576
256 2049 OK 148577088
256 3000 OK 217536000
256 4095 OK 296936640
256 4096 OK 297009152
256 4097 OK 297081664
256 6144 OK 445513728
256 8191 OK 593945792
256 8192 OK 594018304
256 8193 OK 594090816
256 12288 OK 891027456
256 16384 OK 1188036608
256 32768 OK 2376073216
256 65536 OK 4752146432
256 131072 OK 9504292864
257 257 OK 18635584
257 512 OK 37126144
257 768 OK 55689216
257 1023 OK 74179776
257 1024 OK 74179776
257 1025 OK 74324800
257 1279 OK 92742848
257 1280 OK 92815360
257 1281 OK 92887872
257 1536 OK 111378432
257 2047 OK 148432064
257 2048 OK 148504576
257 2049 OK 148577088
257 3000 OK 217536000
257 4095 OK 296936640
257 4096 OK 297009152
257 4097 OK 297081664
257 6144 OK 445513728
257 8191 OK 593945792
257 8192 OK 594018304
257 8193 OK 594090816
257 12288 OK 891027456
257 16384 OK 1188036608
257 32768 OK 2376073216
257 65536 OK 4752146432
257 131072 OK 9504292864
512 512 OK 37126144
512 768 OK 55689216
512 1023 OK 74179776
512 1024 OK 74179776
512 1025 OK 74324800
512 1279 OK 92742848
512 1280 OK 92815360
512 1281 OK 92887872
512 1536 OK 111378432
512 2047 OK 148432064
512 2048 OK 148504576
512 2049 OK 148577088
512 3000 OK 217536000
512 4095 OK 296936640
512 4096 OK 297009152
512 4097 OK 297081664
512 6144 OK 445513728
512 8191 OK 593945792
512 8192 OK 594018304
512 8193 OK 594090816
512 12288 OK 891027456
512 16384 OK 1188036608
512 32768 OK 2376073216
512 65536 OK 4752146432
512 131072 OK 9504292864
768 768 OK 55689216
768 1023 OK 74179776
768 1024 OK 74179776
768 1025 OK 74324800
768 1279 OK 92742848
768 1280 OK 92815360
768 1281 OK 92887872
768 1536 OK 111378432
768 2047 OK 148432064
768 2048 OK 148504576
768 2049 OK 148577088
768 3000 OK 217536000
768 4095 OK 296936640
768 4096 OK 297009152
768 4097 OK 297081664
768 6144 OK 445513728
768 8191 OK 593945792
768 8192 OK 594018304
768 8193 OK 594090816
768 12288 OK 891027456
768 16384 OK 1188036608
768 32768 OK 2376073216
768 65536 OK 4752146432
768 131072 OK 9504292864
1023 1023 OK 74179776
1023 1024 OK 74179776
1023 1025 OK 74324800
1023 1279 OK 92742848
1023 1280 OK 92815360
1023 1281 OK 92887872
1023 1536 OK 111378432
1023 2047 OK 148432064
1023 2048 OK 148504576
1023 2049 OK 148577088
1023 3000 OK 217536000
1023 4095 OK 296936640
1023 4096 OK 297009152
1023 4097 OK 297081664
1023 6144 OK 445513728
1023 8191 OK 593945792
1023 8192 OK 594018304
1023 8193 OK 594090816
1023 12288 OK 891027456
1023 16384 OK 1188036608
1023 32768 OK 2376073216
1023 65536 OK 4752146432
1023 131072 OK 9504292864
1024 1024 OK 2949120
1024 1025 OK 74324800
1024 1279 OK 92742848
1024 1280 OK 92815360
1024 1281 OK 92887872
1024 1536 OK 111378432
1024 2047 OK 148432064
1024 2048 OK 148504576
1024 2049 OK 148577088
1024 3000 OK 217536000
1024 4095 OK 296936640
1024 4096 OK 297009152
1024 4097 OK 297081664
1024 6144 OK 445513728
1024 8191 OK 593945792
1024 8192 OK 594018304
1024 8193 OK 594090816
1024 12288 OK 891027456
1024 16384 OK 1188036608
1024 32768 OK 2376073216
1024 65536 OK 4752146432
1024 131072 OK 9504292864
1025 1025 OK 74324800
1025 1279 OK 92742848
1025 1280 OK 92815360
1025 1281 OK 92887872
1025 1536 OK 111378432
1025 2047 OK 148432064
1025 2048 OK 148504576
1025 2049 OK 148577088
1025 3000 OK 217536000
1025 4095 OK 296936640
1025 4096 OK 297009152
1025 4097 OK 297081664
1025 6144 OK 445513728
1025 8191 OK 593945792
1025 8192 OK 594018304
1025 8193 OK 594090816
1025 12288 OK 891027456
1025 16384 OK 1188036608
1025 32768 OK 2376073216
1025 65536 OK 4752146432
1025 131072 OK 9504292864
1279 1279 OK 92742848
1279 1280 OK 92815360
1279 1281 OK 92887872
1279 1536 OK 111378432
1279 2047 OK 148432064
1279 2048 OK 148504576
1279 2049 OK 148577088
1279 3000 OK 217536000
1279 4095 OK 296936640
1279 4096 OK 297009152
1279 4097 OK 297081664
1279 6144 OK 445513728
1279 8191 OK 593945792
1279 8192 OK 594018304
1279 8193 OK 594090816
1279 12288 OK 891027456
1279 16384 OK 1188036608
1279 32768 OK 2376073216
1279 65536 OK 4752146432
1279 131072 OK 9504292864
1280 1280 OK 92815360
1280 1281 OK 92887872
1280 1536 OK 111378432
1280 2047 OK 148432064
1280 2048 OK 148504576
1280 2049 OK 148577088
1280 3000 OK 217536000
1280 4095 OK 296936640
1280 4096 OK 297009152
1280 4097 OK 297081664
1280 6144 OK 445513728
1280 8191 OK 593945792
1280 8192 OK 594018304
1280 8193 OK 594090816
1280 12288 OK 891027456
1280 16384 OK 1188036608
1280 32768 OK 2376073216
1280 65536 OK 4752146432
1280 131072 OK 9504292864
1281 1281 OK 92887872
1281 1536 OK 111378432
1281 2047 OK 148432064
1281 2048 OK 148504576
1281 2049 OK 148577088
1281 3000 OK 217536000
1281 4095 OK 296936640
1281 4096 OK 297009152
1281 4097 OK 297081664
1281 6144 OK 445513728
1281 8191 OK 593945792
1281 8192 OK 594018304
1281 8193 OK 594090816
1281 12288 OK 891027456
1281 16384 OK 1188036608
1281 32768 OK 2376073216
1281 65536 OK 4752146432
1281 131072 OK 9504292864
1536 1536 OK 111378432
1536 2047 OK 148432064
1536 2048 OK 148504576
1536 2049 OK 148577088
1536 3000 OK 217536000
1536 4095 OK 296936640
1536 4096 OK 297009152
1536 4097 OK 297081664
1536 6144 OK 445513728
1536 8191 OK 593945792
1536 8192 OK 594018304
1536 8193 OK 594090816
1536 12288 OK 891027456
1536 16384 OK 1188036608
1536 32768 OK 2376073216
1536 65536 OK 4752146432
1536 131072 OK 9504292864
2047 2047 OK 148432064
2047 2048 OK 148504576
2047 2049 OK 148577088
2047 3000 OK 217536000
2047 4095 OK 296936640
2047 4096 OK 297009152
2047 4097 OK 297081664
2047 6144 OK 445513728
2047 8191 OK 593945792
2047 8192 OK 594018304
2047 8193 OK 594090816
2047 12288 OK 891027456
2047 16384 OK 1188036608
2047 32768 OK 2376073216
2047 65536 OK 4752146432
2047 131072 OK 9504292864
2048 2048 OK 148504576
2048 2049 OK 148577088
2048 3000 OK 217536000
2048 4095 OK 296936640
2048 4096 OK 297009152
2048 4097 OK 297081664
2048 6144 OK 445513728
2048 8191 OK 593945792
2048 8192 OK 594018304
2048 8193 OK 594090816
2048 12288 OK 891027456
2048 16384 OK 1188036608
2048 32768 OK 2376073216
2048 65536 OK 4752146432
2048 131072 OK 9504292864
2049 2049 OK 148577088
2049 3000 OK 217536000
2049 4095 OK 296936640
2049 4096 OK 297009152
2049 4097 OK 297081664
2049 6144 OK 445513728
2049 8191 OK 593945792
2049 8192 OK 594018304
2049 8193 OK 594090816
2049 12288 OK 891027456
2049 16384 OK 1188036608
2049 32768 OK 2376073216
2049 65536 OK 4752146432
2049 131072 OK 9504292864
3000 3000 OK 217536000
3000 4095 OK 296936640
3000 4096 OK 297009152
3000 4097 OK 297081664
3000 6144 OK 445513728
3000 8191 OK 593945792
3000 8192 OK 594018304
3000 8193 OK 594090816
3000 12288 OK 891027456
3000 16384 OK 1188036608
3000 32768 OK 2376073216
3000 65536 OK 4752146432
3000 131072 OK 9504292864
4095 4095 OK 296936640
4095 4096 OK 297009152
4095 4097 OK 297081664
4095 6144 OK 445513728
4095 8191 OK 593945792
4095 8192 OK 594018304
4095 8193 OK 594090816
4095 12288 OK 891027456
4095 16384 OK 1188036608
4095 32768 OK 2376073216
4095 65536 OK 4752146432
4095 131072 OK 9504292864
4096 4096 OK 297009152
4096 4097 OK 297081664
4096 6144 OK 445513728
4096 8191 OK 593945792
4096 8192 OK 594018304
4096 8193 OK 594090816
4096 12288 OK 891027456
4096 16384 OK 1188036608
4096 32768 OK 2376073216
4096 65536 OK 4752146432
4096 131072 OK 9504292864
4097 4097 OK 297081664
4097 6144 OK 445513728
4097 8191 OK 593945792
4097 8192 OK 594018304
4097 8193 OK 594090816
4097 12288 OK 891027456
4097 16384 OK 1188036608
4097 32768 OK 2376073216
4097 65536 OK 4752146432
4097 131072 OK 9504292864
6144 6144 OK 445513728
6144 8191 OK 593945792
6144 8192 OK 594018304
6144 8193 OK 594090816
6144 12288 OK 891027456
6144 16384 OK 1188036608
6144 32768 OK 2376073216
6144 65536 OK 4752146432
6144 131072 OK 9504292864
8191 8191 OK 593945792
8191 8192 OK 594018304
8191 8193 OK 594090816
8191 12288 OK 891027456
8191 16384 OK 1188036608
8191 32768 OK 2376073216
8191 65536 OK 4752146432
8191 131072 OK 9504292864
8192 8192 OK 594018304
8192 8193 OK 594090816
8192 12288 OK 891027456
8192 16384 OK 1188036608
8192 32768 OK 2376073216
8192 65536 OK 4752146432
8192 131072 OK 9504292864
8193 8193 OK 594090816
8193 12288 OK 891027456
8193 16384 OK 1188036608
8193 32768 OK 2376073216
8193 65536 OK 4752146432
8193 131072 OK 9504292864
12288 12288 OK 891027456
12288 16384 OK 1188036608
12288 32768 OK 2376073216
12288 65536 OK 4752146432
12288 131072 OK 9504292864
16384 16384 OK 1188036608
16384 32768 OK 2376073216
16384 65536 OK 4752146432
16384 131072 OK 9504292864
32768 32768 OK 2376073216
32768 65536 OK 4752146432
32768 131072 OK 9504292864
65536 65536 OK 4752146432
65536 131072 OK 9504292864
131072 131072 OK 9504292864
